0 13
1 9
2 10
3 7
4 9
5 6
6 12
7 8
8 5
9 11
10 4
11 1
12 7
13 16
14 6
15 7
16 9
17 12
18 8
19 13
20 4
21 11
22 5
23 9
24 4
25 10
26 5
27 8
28 10
29 10
30 8
31 5
32 14
33 6
34 13
35 10
36 11
37 7
38 11
39 11
40 7
41 8
42 5
43 12
44 11
45 8
46 10
47 9
48 7
49 8
50 7
51 5
52 6
53 8
54 6
55 5
56 7
57 5
58 6
59 4
60 11
61 8
62 3
63 8
64 10
65 7
66 6
67 8
68 10
69 9
70 5
71 12
72 4
73 6
74 9
75 8
76 5
77 8
78 10
79 7
80 9
81 3
82 10
83 5
84 6
85 9
86 7
87 5
88 6
89 10
90 7
91 7
92 8
93 5
94 10
95 10
96 8
97 4
98 3
99 10
100 9
101 9
102 7
103 10
104 2
105 7
106 6
107 14
108 7
109 8
110 8
111 6
112 6
113 4
114 6
115 7
116 7
117 11
118 9
119 6
120 6
121 6
122 6
123 14
124 9
125 8
126 9
127 7
128 10
129 9
130 5
131 6
132 5
133 14
134 8
135 9
136 7
137 2
138 4
139 7
140 4
141 5
142 11
143 11
144 9
145 6
146 8
147 5
148 9
149 4
150 3
151 9
152 4
153 14
154 5
155 3
156 5
157 14
158 13
159 11
160 6
161 4
162 2
163 7
164 5
165 8
166 9
167 9
168 19
169 3
170 7
171 7
172 10
173 12
174 7
175 8
176 3
177 0
178 4
179 13
180 10
181 5
182 10
183 9
184 9
185 7
186 8
187 5
188 4
189 10
190 8
191 8
192 4
193 8
194 3
195 13
196 11
197 8
198 6
199 12
200 7
201 9
202 10
203 10
204 9
205 10
206 4
207 4
208 6
209 5
210 4
211 9
212 4
213 12
214 8
215 8
216 4
217 5
218 7
219 5
220 9
221 6
222 10
223 6
224 5
225 8
226 9
227 6
228 7
229 4
230 5
231 3
232 5
233 12
234 7
235 6
236 9
237 10
238 5
239 11
240 11
241 11
242 11
243 5
244 6
245 8
246 8
247 11
248 8
249 6
250 7
251 7
252 6
253 5
254 6
255 5
256 5
257 8
258 6
259 4
260 12
261 5
262 8
263 5
264 3
265 3
266 13
267 7
268 6
269 9
270 9
271 9
272 6
273 7
274 4
275 6
276 4
277 8
278 11
279 6
280 12
281 9
282 8
283 7
284 11
285 9
286 3
287 8
288 6
289 8
290 10
291 6
292 9
293 8
294 10
295 6
296 9
297 13
298 4
299 15
300 8
301 7
302 9
303 10
304 7
305 6
306 11
307 4
308 9
309 8
310 8
311 7
312 17
313 10
314 8
315 8
316 6
317 9
318 10
319 5
320 10
321 9
322 8
323 2
324 6
325 5
326 7
327 7
328 10
329 11
330 5
331 2
332 6
333 6
334 11
335 6
336 8
337 6
338 3
339 4
340 8
341 10
342 3
343 5
344 6
345 7
346 10
347 7
348 6
349 2
350 6
351 7
352 4
353 5
354 5
355 10
356 13
357 5
358 5
359 7
360 11
361 2
362 6
363 2
364 9
365 9
366 6
367 7
368 8
369 6
370 4
371 10
372 9
373 3
374 9
375 6
376 5
377 7
378 12
379 7
380 9
381 6
382 4
383 12
384 12
385 10
386 11
387 9
388 6
389 10
390 6
391 12
392 4
393 4
394 8
395 9
396 12
397 7
398 4
399 14
400 6
401 10
402 6
403 4
404 7
405 3
406 6
407 7
408 1
409 2
410 11
411 6
412 6
413 8
414 10
415 6
416 7
417 7
418 6
419 8
420 9
421 8
422 6
423 5
424 9
425 11
426 5
427 7
428 9
429 9
430 12
431 8
432 8
433 6
434 5
435 9
436 6
437 9
438 8
439 11
440 9
441 10
442 5
443 16
444 9
445 11
446 6
447 5
448 8
449 6
450 5
451 7
452 6
453 3
454 1
455 7
456 6
457 10
458 1
459 6
460 11
461 7
462 6
463 6
464 7
465 10
466 6
467 6
468 5
469 7
470 7
471 6
472 5
473 10
474 10
475 15
476 7
477 6
478 6
479 9
480 4
481 5
482 5
483 12
484 7
485 5
486 7
487 10
488 10
489 5
490 8
491 9
492 6
493 8
494 9
495 5
496 6
497 8
498 7
499 10
500 5
501 10
502 6
503 8
504 6
505 13
506 8
507 5
508 8
509 12
510 7
511 11
512 10
513 4
514 12
515 8
516 4
517 6
518 8
519 3
520 9
521 7
522 4
523 10
524 12
525 10
526 11
527 11
528 5
529 11
530 4
531 7
532 7
533 3
534 4
535 5
536 9
537 8
538 3
539 11
540 7
541 9
542 14
543 10
544 4
545 5
546 8
547 10
548 10
549 2
550 6
551 2
552 4
553 7
554 6
555 7
556 5
557 6
558 8
559 3
560 11
561 9
562 10
563 10
564 10
565 6
566 7
567 5
568 10
569 8
570 11
571 11
572 6
573 9
574 10
575 10
576 6
577 11
578 8
579 7
580 9
581 6
582 9
583 12
584 7
585 8
586 4
587 8
588 6
589 6
590 6
591 9
592 12
593 5
594 13
595 7
596 7
597 14
598 6
599 9
600 8
601 7
602 10
603 3
604 6
605 4
606 8
607 4
608 4
609 10
610 9
611 2
612 5
613 9
614 7
615 6
616 8
617 4
618 6
619 5
620 12
621 8
622 7
623 14
624 10
625 10
626 3
627 3
628 6
629 7
630 10
631 12
632 8
633 6
634 14
635 12
636 11
637 4
638 8
639 5
640 8
641 5
642 3
643 6
644 13
645 5
646 10
647 10
648 8
649 8
650 7
651 11
652 15
653 7
654 3
655 8
656 7
657 5
658 8
659 10
660 7
661 5
662 13
663 4
664 7
665 6
666 8
667 8
668 9
669 8
670 15
671 5
672 7
673 10
674 10
675 10
676 5
677 8
678 9
679 8
680 7
681 5
682 11
683 3
684 5
685 6
686 8
687 3
688 10
689 9
690 6
691 6
692 9
693 4
694 7
695 11
696 9
697 4
698 6
699 7
700 7
701 8
702 5
703 3
704 9
705 10
706 8
707 6
708 7
709 11
710 7
711 8
712 15
713 10
714 8
715 7
716 5
717 8
718 10
719 6
720 10
721 12
722 13
723 8
724 8
725 11
726 8
727 10
728 6
729 6
730 4
731 10
732 8
733 3
734 9
735 8
736 5
737 9
738 11
739 5
740 12
741 4
742 7
743 9
744 13
745 12
746 6
747 9
748 10
749 9
750 4
751 6
752 5
753 8
754 7
755 5
756 6
757 13
758 5
759 4
760 7
761 7
762 9
763 10
764 8
765 5
766 9
767 3
768 7
769 8
770 11
771 5
772 13
773 7
774 11
775 13
776 5
777 7
778 3
779 8
780 8
781 12
782 11
783 9
784 7
785 9
786 6
787 10
788 13
789 4
790 6
791 7
792 8
793 4
794 10
795 3
796 12
797 6
798 10
799 8
800 11
801 7
802 5
803 8
804 4
805 11
806 13
807 10
808 9
809 14
810 13
811 5
812 6
813 12
814 6
815 10
816 9
817 6
818 7
819 7
820 3
821 11
822 4
823 7
824 8
825 5
826 6
827 6
828 6
829 5
830 4
831 8
832 11
833 3
834 8
835 11
836 10
837 4
838 6
839 8
840 8
841 5
842 6
843 10
844 6
845 5
846 8
847 14
848 3
849 9
850 11
851 8
852 13
853 10
854 7
855 5
856 8
857 4
858 8
859 8
860 8
861 8
862 10
863 11
864 8
865 7
866 10
867 12
868 10
869 6
870 10
871 8
872 7
873 10
874 7
875 9
876 10
877 12
878 4
879 9
880 12
881 12
882 7
883 7
884 6
885 8
886 5
887 8
888 11
889 14
890 10
891 9
892 7
893 11
894 8
895 4
896 6
897 9
898 8
899 9
900 6
901 10
902 16
903 9
904 8
905 4
906 2
907 10
908 10
909 12
910 9
911 4
912 10
913 9
914 9
915 5
916 7
917 16
918 8
919 3
920 8
921 6
922 7
923 6
924 9
925 4
926 8
927 6
928 3
929 9
930 4
931 5
932 7
933 13
934 7
935 7
936 6
937 4
938 8
939 6
940 2
941 16
942 6
943 9
944 10
945 10
946 7
947 6
948 8
949 5
950 7
951 7
952 8
953 12
954 2
955 6
956 12
957 6
958 10
959 2
960 2
961 10
962 9
963 8
964 9
965 6
966 9
967 5
968 8
969 8
970 10
971 12
972 8
973 5
974 5
975 10
976 8
977 11
978 10
979 11
980 7
981 7
982 12
983 8
984 12
985 6
986 8
987 6
988 11
989 7
990 12
991 9
992 2
993 5
994 4
995 7
996 8
997 7
998 9
999 11
1000 4
1001 9
1002 5
1003 12
1004 5
1005 2
1006 8
1007 9
1008 7
1009 5
1010 11
1011 6
1012 11
1013 10
1014 5
1015 10
1016 5
1017 7
1018 3
1019 6
1020 7
1021 6
1022 6
1023 4
1024 8
1025 7
1026 8
1027 10
1028 12
1029 6
1030 7
1031 8
1032 8
1033 8
1034 12
1035 8
1036 12
1037 12
1038 11
1039 5
1040 7
1041 5
1042 8
1043 11
1044 4
1045 11
1046 12
1047 9
1048 9
1049 7
1050 3
1051 9
1052 3
1053 3
1054 9
1055 2
1056 4
1057 4
1058 10
1059 8
1060 11
1061 5
1062 8
1063 8
1064 6
1065 8
1066 8
1067 9
1068 8
1069 10
1070 3
1071 8
1072 11
1073 12
1074 7
1075 7
1076 7
1077 3
1078 10
1079 14
1080 8
1081 9
1082 12
1083 8
1084 5
1085 9
1086 4
1087 8
1088 7
1089 5
1090 10
1091 10
1092 4
1093 15
1094 7
1095 9
1096 4
1097 12
1098 3
1099 15
1100 6
1101 10
1102 5
1103 4
1104 7
1105 6
1106 5
1107 11
1108 3
1109 7
1110 12
1111 5
1112 8
1113 6
1114 10
1115 4
1116 10
1117 8
1118 8
1119 5
1120 5
1121 6
1122 6
1123 8
1124 7
1125 8
1126 7
1127 6
1128 6
1129 4
1130 7
1131 9
1132 10
1133 5
1134 5
1135 10
1136 12
1137 7
1138 10
1139 11
1140 4
1141 7
1142 10
1143 11
1144 6
1145 13
1146 5
1147 10
1148 6
1149 8
1150 8
1151 6
1152 8
1153 10
1154 1
1155 5
1156 10
1157 8
1158 6
1159 12
1160 9
1161 12
1162 10
1163 5
1164 6
1165 8
1166 8
1167 8
1168 9
1169 11
1170 8
1171 7
1172 8
1173 7
1174 4
1175 5
1176 10
1177 4
1178 6
1179 7
1180 6
1181 11
1182 8
1183 14
1184 5
1185 3
1186 3
1187 10
1188 3
1189 12
1190 8
1191 6
1192 5
1193 6
1194 8
1195 5
1196 12
1197 11
1198 8
1199 8
1200 8
1201 7
1202 7
1203 10
1204 5
1205 12
1206 8
1207 5
1208 8
1209 13
1210 6
1211 12
1212 14
1213 1
1214 5
1215 7
1216 10
1217 9
1218 5
1219 10
1220 4
1221 11
1222 5
1223 7
1224 12
1225 12
1226 10
1227 9
1228 8
1229 6
1230 8
1231 8
1232 12
1233 12
1234 5
1235 7
1236 11
1237 9
1238 14
1239 5
1240 11
1241 9
1242 8
1243 12
1244 8
1245 6
1246 6
1247 3
1248 10
1249 8
1250 7
1251 11
1252 6
1253 4
1254 10
1255 11
1256 8
1257 5
1258 11
1259 7
1260 6
1261 13
1262 8
1263 9
1264 8
1265 7
1266 4
1267 8
1268 9
1269 6
1270 6
1271 8
1272 7
1273 9
1274 4
1275 8
1276 11
1277 7
1278 12
1279 7
1280 4
1281 4
1282 7
1283 6
1284 6
1285 5
1286 4
1287 5
1288 5
1289 6
1290 11
1291 7
1292 11
1293 6
1294 8
1295 9
1296 9
1297 7
1298 6
1299 7
1300 13
1301 9
1302 11
1303 6
1304 14
1305 10
1306 9
1307 12
1308 4
1309 7
1310 7
1311 6
1312 7
1313 8
1314 4
1315 10
1316 10
1317 6
1318 9
1319 14
1320 12
1321 6
1322 10
1323 9
1324 7
1325 7
1326 7
1327 11
1328 11
1329 9
1330 12
1331 10
1332 3
1333 9
1334 10
1335 9
1336 4
1337 7
1338 12
1339 5
1340 8
1341 8
1342 7
1343 7
1344 8
1345 6
1346 5
1347 11
1348 7
1349 7
1350 5
1351 7
1352 8
1353 8
1354 9
1355 10
1356 4
1357 11
1358 8
1359 5
1360 8
1361 4
1362 5
1363 5
1364 10
1365 7
1366 5
1367 2
1368 9
1369 6
1370 10
1371 10
1372 10
1373 9
1374 6
1375 8
1376 12
1377 10
1378 7
1379 11
1380 12
1381 8
1382 9
1383 7
1384 5
1385 13
1386 12
1387 11
1388 9
1389 4
1390 9
1391 8
1392 7
1393 6
1394 13
1395 4
1396 11
1397 6
1398 11
1399 10
1400 7
1401 9
1402 11
1403 10
1404 7
1405 4
1406 6
1407 10
1408 6
1409 8
1410 13
1411 5
1412 6
1413 10
1414 6
1415 8
1416 12
1417 14
1418 6
1419 8
1420 3
1421 8
1422 5
1423 4
1424 3
1425 7
1426 6
1427 8
1428 6
1429 9
1430 12
1431 9
1432 8
1433 6
1434 4
1435 10
1436 10
1437 8
1438 10
1439 8
1440 4
1441 13
1442 9
1443 4
1444 2
1445 12
1446 8
1447 7
1448 5
1449 9
1450 7
1451 2
1452 7
1453 10
1454 5
1455 5
1456 8
1457 6
1458 2
1459 12
1460 10
1461 8
1462 6
1463 8
1464 4
1465 3
1466 8
1467 8
1468 8
1469 8
1470 5
1471 7
1472 9
1473 10
1474 8
1475 7
1476 8
1477 11
1478 4
1479 9
1480 7
1481 9
1482 9
1483 4
1484 5
1485 4
1486 13
1487 9
1488 6
1489 9
1490 6
1491 8
1492 13
1493 8
1494 6
1495 8
1496 5
1497 11
1498 7
1499 6
1500 9
1501 13
1502 8
1503 13
1504 5
1505 5
1506 10
1507 10
1508 11
1509 4
1510 7
1511 13
1512 10
1513 10
1514 10
1515 6
1516 6
1517 8
1518 11
1519 10
1520 6
1521 9
1522 4
1523 5
1524 4
1525 10
1526 6
1527 6
1528 8
1529 8
1530 2
1531 13
1532 8
1533 5
1534 3
1535 9
1536 6
1537 8
1538 6
1539 12
1540 6
1541 11
1542 7
1543 7
1544 10
1545 9
1546 6
1547 9
1548 6
1549 5
1550 6
1551 7
1552 4
1553 13
1554 4
1555 10
1556 5
1557 11
1558 10
1559 10
1560 4
1561 11
1562 8
1563 11
1564 5
1565 9
1566 11
1567 11
1568 5
1569 8
1570 8
1571 7
1572 4
1573 3
1574 8
1575 9
1576 8
1577 5
1578 13
1579 7
1580 6
1581 2
1582 8
1583 8
1584 9
1585 8
1586 6
1587 8
1588 10
1589 4
1590 12
1591 10
1592 8
1593 8
1594 10
1595 4
1596 12
1597 15
1598 7
1599 12
1600 8
1601 7
1602 6
1603 6
1604 7
1605 6
1606 3
1607 10
1608 5
1609 7
1610 12
1611 7
1612 6
1613 5
1614 6
1615 4
1616 8
1617 11
1618 12
1619 5
1620 12
1621 1
1622 10
1623 9
1624 10
1625 10
1626 6
1627 7
1628 9
1629 10
1630 10
1631 6
1632 7
1633 4
1634 9
1635 12
1636 4
1637 9
1638 6
1639 9
1640 8
1641 8
1642 4
1643 8
1644 8
1645 8
1646 7
1647 10
1648 7
1649 6
1650 4
1651 9
1652 7
1653 5
1654 3
1655 5
1656 9
1657 8
1658 8
1659 11
1660 6
1661 9
1662 8
1663 11
1664 7
1665 10
1666 9
1667 9
1668 7
1669 9
1670 5
1671 11
1672 5
1673 1
1674 5
1675 12
1676 6
1677 8
1678 7
1679 5
1680 5
1681 10
1682 5
1683 10
1684 7
1685 5
1686 8
1687 8
1688 2
1689 6
1690 10
1691 11
1692 9
1693 6
1694 4
1695 10
1696 8
1697 9
1698 9
1699 6
1700 9
1701 9
1702 9
1703 6
1704 6
1705 14
1706 7
1707 7
1708 10
1709 7
1710 6
1711 2
1712 4
1713 12
1714 8
1715 8
1716 4
1717 5
1718 14
1719 9
1720 6
1721 4
1722 8
1723 8
1724 9
1725 7
1726 7
1727 9
1728 7
1729 9
1730 13
1731 6
1732 9
1733 12
1734 7
1735 8
1736 13
1737 8
1738 6
1739 5
1740 8
1741 11
1742 9
1743 6
1744 11
1745 10
1746 5
1747 7
1748 4
1749 4
1750 8
1751 5
1752 7
1753 11
1754 10
1755 9
1756 5
1757 11
1758 6
1759 6
1760 11
1761 6
1762 9
1763 8
1764 5
1765 9
1766 5
1767 11
1768 6
1769 9
1770 7
1771 16
1772 5
1773 7
1774 6
1775 7
1776 8
1777 8
1778 4
1779 10
1780 10
1781 11
1782 6
1783 7
1784 4
1785 4
1786 8
1787 7
1788 5
1789 6
1790 7
1791 16
1792 9
1793 11
1794 10
1795 7
1796 8
1797 10
1798 7
1799 9
1800 7
1801 7
1802 9
1803 7
1804 10
1805 11
1806 5
1807 11
1808 8
1809 13
1810 7
1811 9
1812 3
1813 4
1814 5
1815 10
1816 9
1817 6
1818 5
1819 5
1820 9
1821 17
1822 5
1823 9
1824 7
1825 11
1826 7
1827 7
1828 8
1829 5
1830 11
1831 7
1832 9
1833 14
1834 4
1835 1
1836 8
1837 12
1838 3
1839 11
1840 13
1841 6
1842 8
1843 8
1844 8
1845 5
1846 5
1847 6
1848 7
1849 8
1850 2
1851 9
1852 14
1853 9
1854 7
1855 3
1856 7
1857 7
1858 4
1859 4
1860 5
1861 5
1862 7
1863 7
1864 9
1865 6
1866 9
1867 7
1868 6
1869 8
1870 2
1871 10
1872 9
1873 5
1874 10
1875 7
1876 9
1877 4
1878 8
1879 10
1880 10
1881 8
1882 8
1883 6
1884 5
1885 5
1886 11
1887 13
1888 3
1889 8
1890 4
1891 7
1892 7
1893 8
1894 7
1895 8
1896 6
1897 9
1898 13
1899 11
1900 9
1901 13
1902 8
1903 7
1904 10
1905 3
1906 4
1907 9
1908 12
1909 6
1910 3
1911 10
1912 6
1913 3
1914 9
1915 7
1916 10
1917 4
1918 5
1919 6
1920 7
1921 7
1922 6
1923 6
1924 15
1925 5
1926 9
1927 8
1928 2
1929 3
1930 7
1931 8
1932 6
1933 5
1934 9
1935 8
1936 7
1937 7
1938 5
1939 7
1940 10
1941 6
1942 9
1943 1
1944 7
1945 1
1946 5
1947 11
1948 9
1949 4
1950 4
1951 3
1952 9
1953 12
1954 12
1955 8
1956 6
1957 3
1958 4
1959 10
1960 8
1961 5
1962 4
1963 6
1964 11
1965 8
1966 5
1967 7
1968 3
1969 5
1970 7
1971 6
1972 6
1973 10
1974 3
1975 7
1976 4
1977 9
1978 2
1979 12
1980 8
1981 9
1982 8
1983 6
1984 5
1985 9
1986 5
1987 9
1988 11
1989 11
1990 9
1991 4
1992 5
1993 8
1994 6
1995 8
1996 7
1997 5
1998 7
1999 11
2000 4
2001 7
2002 9
2003 14
2004 14
2005 7
2006 8
2007 6
2008 4
2009 7
2010 9
2011 6
2012 7
2013 7
2014 7
2015 8
2016 8
2017 6
2018 4
2019 9
2020 6
2021 9
2022 8
2023 5
2024 14
2025 5
2026 6
2027 7
2028 4
2029 6
2030 8
2031 11
2032 9
2033 6
2034 7
2035 7
2036 8
2037 13
2038 7
2039 13
2040 6
2041 7
2042 7
2043 10
2044 11
2045 6
2046 9
2047 9
2048 7
2049 11
2050 7
2051 11
2052 9
2053 4
2054 5
2055 6
2056 9
2057 8
2058 9
2059 12
2060 9
2061 9
2062 10
2063 4
2064 6
2065 6
2066 5
2067 6
2068 8
2069 7
2070 7
2071 5
2072 5
2073 10
2074 5
2075 9
2076 6
2077 6
2078 6
2079 3
2080 8
2081 7
2082 12
2083 5
2084 4
2085 8
2086 6
2087 10
2088 6
2089 8
2090 5
2091 10
2092 10
2093 13
2094 7
2095 4
2096 5
2097 9
2098 8
2099 11
2100 11
2101 6
2102 8
2103 11
2104 11
2105 7
2106 5
2107 11
2108 8
2109 5
2110 9
2111 7
2112 8
2113 10
2114 7
2115 7
2116 6
2117 8
2118 7
2119 14
2120 13
2121 4
2122 10
2123 6
2124 5
2125 7
2126 4
2127 7
2128 10
2129 5
2130 13
2131 6
2132 9
2133 13
2134 9
2135 5
2136 6
2137 7
2138 5
2139 5
2140 3
2141 9
2142 7
2143 8
2144 5
2145 10
2146 7
2147 6
2148 9
2149 5
2150 4
2151 8
2152 4
2153 11
2154 6
2155 11
2156 7
2157 12
2158 3
2159 7
2160 9
2161 14
2162 8
2163 3
2164 9
2165 9
2166 10
2167 8
2168 8
2169 6
2170 6
2171 6
2172 13
2173 10
2174 12
2175 8
2176 6
2177 9
2178 8
2179 4
2180 10
2181 7
2182 6
2183 3
2184 6
2185 4
2186 11
2187 3
2188 7
2189 5
2190 6
2191 7
2192 5
2193 5
2194 14
2195 8
2196 7
2197 6
2198 5
2199 5
2200 13
2201 6
2202 12
2203 8
2204 8
2205 14
2206 10
2207 9
2208 8
2209 7
2210 10
2211 11
2212 7
2213 7
2214 8
2215 7
2216 13
2217 7
2218 9
2219 9
2220 9
2221 11
2222 9
2223 8
2224 7
2225 6
2226 7
2227 11
2228 6
2229 4
2230 7
2231 4
2232 9
2233 9
2234 17
2235 11
2236 5
2237 8
2238 12
2239 8
2240 7
2241 5
2242 6
2243 11
2244 7
2245 9
2246 6
2247 8
2248 8
2249 4
2250 10
2251 15
2252 8
2253 9
2254 6
2255 17
2256 9
2257 3
2258 9
2259 5
2260 10
2261 9
2262 6
2263 8
2264 5
2265 7
2266 6
2267 8
2268 3
2269 7
2270 9
2271 10
2272 16
2273 6
2274 8
2275 5
2276 4
2277 5
2278 10
2279 10
2280 8
2281 5
2282 8
2283 10
2284 4
2285 3
2286 3
2287 11
2288 9
2289 2
2290 6
2291 8
2292 3
2293 8
2294 6
2295 5
2296 7
2297 7
2298 7
2299 4
2300 10
2301 12
2302 5
2303 9
2304 8
2305 12
2306 7
2307 7
2308 9
2309 7
2310 12
2311 10
2312 12
2313 7
2314 7
2315 5
2316 9
2317 7
2318 7
2319 3
2320 9
2321 4
2322 9
2323 9
2324 8
2325 9
2326 9
2327 11
2328 13
2329 2
2330 13
2331 11
2332 4
2333 8
2334 14
2335 15
2336 4
2337 12
2338 5
2339 11
2340 8
2341 9
2342 6
2343 7
2344 8
2345 10
2346 8
2347 11
2348 14
2349 7
2350 8
2351 6
2352 9
2353 10
2354 7
2355 7
2356 3
2357 4
2358 5
2359 7
2360 10
2361 13
2362 5
2363 12
2364 9
2365 9
2366 4
2367 15
2368 3
2369 11
2370 8
2371 13
2372 10
2373 4
2374 7
2375 9
2376 10
2377 4
2378 5
2379 11
2380 12
2381 8
2382 4
2383 7
2384 8
2385 11
2386 12
2387 8
2388 15
2389 9
2390 8
2391 9
2392 2
2393 9
2394 11
2395 11
2396 5
2397 11
2398 4
2399 5
2400 3
2401 6
2402 7
2403 9
2404 13
2405 4
2406 8
2407 11
2408 12
2409 8
2410 9
2411 5
2412 7
2413 9
2414 15
2415 9
2416 5
2417 8
2418 12
2419 11
2420 8
2421 7
2422 10
2423 9
2424 7
2425 9
2426 7
2427 6
2428 10
2429 7
2430 12
2431 7
2432 13
2433 9
2434 9
2435 8
2436 8
2437 7
2438 12
2439 9
2440 7
2441 4
2442 9
2443 6
2444 8
2445 3
2446 3
2447 8
2448 7
2449 7
2450 11
2451 5
2452 10
2453 4
2454 4
2455 11
2456 6
2457 8
2458 10
2459 12
2460 6
2461 8
2462 10
2463 8
2464 11
2465 13
2466 5
2467 7
2468 8
2469 7
2470 5
2471 5
2472 4
2473 8
2474 9
2475 8
2476 12
2477 9
2478 7
2479 8
2480 11
2481 4
2482 9
2483 5
2484 2
2485 8
2486 15
2487 8
2488 10
2489 7
2490 9
2491 10
2492 4
2493 7
2494 6
2495 5
2496 3
2497 8
2498 8
2499 9
2500 6
2501 8
2502 7
2503 10
2504 10
2505 8
2506 3
2507 8
2508 8
2509 6
2510 9
2511 5
2512 11
2513 6
2514 9
2515 12
2516 6
2517 12
2518 4
2519 9
2520 9
2521 9
2522 9
2523 7
2524 10
2525 12
2526 8
2527 5
2528 7
2529 4
2530 8
2531 8
2532 7
2533 5
2534 7
2535 5
2536 12
2537 10
2538 12
2539 8
2540 6
2541 8
2542 10
2543 10
2544 9
2545 11
2546 8
2547 7
2548 11
2549 9
2550 8
2551 9
2552 5
2553 6
2554 12
2555 10
2556 6
2557 9
2558 15
2559 6
2560 6
2561 8
2562 6
2563 4
2564 9
2565 5
2566 7
2567 10
2568 7
2569 8
2570 6
2571 9
2572 7
2573 5
2574 7
2575 5
2576 10
2577 8
2578 9
2579 12
2580 13
2581 5
2582 4
2583 7
2584 8
2585 3
2586 7
2587 3
2588 9
2589 5
2590 7
2591 13
2592 10
2593 6
2594 6
2595 5
2596 10
2597 6
2598 6
2599 6
2600 4
2601 4
2602 5
2603 6
2604 11
2605 8
2606 5
2607 7
2608 5
2609 9
2610 8
2611 6
2612 11
2613 13
2614 3
2615 7
2616 10
2617 8
2618 5
2619 6
2620 7
2621 8
2622 7
2623 7
2624 8
2625 6
2626 7
2627 4
2628 8
2629 6
2630 6
2631 11
2632 11
2633 16
2634 4
2635 10
2636 5
2637 11
2638 8
2639 9
2640 12
2641 7
2642 10
2643 5
2644 5
2645 12
2646 13
2647 9
2648 8
2649 7
2650 3
2651 5
2652 6
2653 7
2654 8
2655 12
2656 5
2657 12
2658 10
2659 11
2660 9
2661 12
2662 5
2663 11
2664 5
2665 9
2666 8
2667 10
2668 6
2669 4
2670 9
2671 9
2672 7
2673 4
2674 10
2675 10
2676 3
2677 9
2678 3
2679 9
2680 4
2681 4
2682 8
2683 4
2684 10
2685 8
2686 8
2687 4
2688 6
2689 8
2690 14
2691 5
2692 7
2693 14
2694 6
2695 14
2696 6
2697 3
2698 6
2699 14
2700 6
2701 9
2702 5
2703 11
2704 12
2705 7
2706 11
2707 10
2708 9
2709 11
2710 8
2711 10
2712 8
2713 5
2714 5
2715 5
2716 3
2717 9
2718 9
2719 8
2720 7
2721 5
2722 10
2723 6
2724 5
2725 6
2726 9
2727 3
2728 6
2729 13
2730 5
2731 6
2732 7
2733 9
2734 15
2735 7
2736 10
2737 6
2738 7
2739 13
2740 0
2741 5
2742 8
2743 6
2744 8
2745 8
2746 6
2747 10
2748 8
2749 8
2750 6
2751 11
2752 5
2753 7
2754 6
2755 6
2756 12
2757 6
2758 15
2759 9
2760 8
2761 14
2762 11
2763 12
2764 11
2765 6
2766 11
2767 10
2768 5
2769 10
2770 11
2771 4
2772 5
2773 5
2774 9
2775 10
2776 4
2777 12
2778 7
2779 9
2780 2
2781 7
2782 11
2783 8
2784 7
2785 7
2786 4
2787 5
2788 9
2789 6
2790 7
2791 2
2792 8
2793 7
2794 6
2795 6
2796 5
2797 7
2798 6
2799 6
2800 6
2801 7
2802 9
2803 6
2804 8
2805 7
2806 7
2807 7
2808 8
2809 10
2810 6
2811 4
2812 6
2813 6
2814 11
2815 13
2816 8
2817 10
2818 3
2819 8
2820 10
2821 14
2822 9
2823 5
2824 6
2825 8
2826 2
2827 10
2828 7
2829 8
2830 10
2831 5
2832 10
2833 15
2834 2
2835 10
2836 9
2837 4
2838 6
2839 8
2840 8
2841 10
2842 7
2843 7
2844 8
2845 5
2846 5
2847 12
2848 5
2849 9
2850 7
2851 10
2852 9
2853 5
2854 2
2855 9
2856 6
2857 5
2858 7
2859 6
2860 13
2861 8
2862 7
2863 8
2864 2
2865 7
2866 6
2867 6
2868 14
2869 6
2870 9
2871 7
2872 9
2873 11
2874 6
2875 5
2876 11
2877 9
2878 7
2879 7
2880 6
2881 7
2882 13
2883 11
2884 9
2885 3
2886 6
2887 7
2888 6
2889 9
2890 5
2891 5
2892 13
2893 12
2894 5
2895 8
2896 7
2897 14
2898 11
2899 12
2900 13
2901 9
2902 4
2903 7
2904 9
2905 0
2906 10
2907 4
2908 6
2909 4
2910 9
2911 7
2912 6
2913 9
2914 6
2915 2
2916 6
2917 7
2918 2
2919 5
2920 8
2921 8
2922 4
2923 7
2924 1
2925 8
2926 5
2927 4
2928 9
2929 6
2930 3
2931 6
2932 8
2933 9
2934 7
2935 8
2936 5
2937 7
2938 8
2939 6
2940 7
2941 11
2942 11
2943 6
2944 9
2945 10
2946 10
2947 6
2948 8
2949 7
2950 8
2951 11
2952 8
2953 12
2954 10
2955 11
2956 5
2957 7
2958 9
2959 5
2960 4
2961 7
2962 6
2963 5
2964 14
2965 7
2966 5
2967 11
2968 6
2969 10
2970 7
2971 6
2972 8
2973 8
2974 10
2975 5
2976 8
2977 5
2978 12
2979 4
2980 5
2981 9
2982 10
2983 10
2984 5
2985 10
2986 12
2987 6
2988 4
2989 10
2990 3
2991 8
2992 6
2993 6
2994 5
2995 10
2996 5
2997 8
2998 7
2999 12
3000 5
3001 6
3002 8
3003 8
3004 12
3005 13
3006 9
3007 10
3008 10
3009 9
3010 7
3011 11
3012 6
3013 15
3014 8
3015 11
3016 9
3017 13
3018 17
3019 9
3020 8
3021 10
3022 7
3023 11
3024 3
3025 5
3026 10
3027 7
3028 6
3029 7
3030 4
3031 5
3032 8
3033 8
3034 9
3035 4
3036 10
3037 3
3038 9
3039 3
3040 8
3041 7
3042 5
3043 4
3044 6
3045 8
3046 6
3047 7
3048 6
3049 9
3050 2
3051 9
3052 5
3053 10
3054 11
3055 8
3056 3
3057 7
3058 7
3059 7
3060 6
3061 7
3062 7
3063 8
3064 11
3065 7
3066 13
3067 9
3068 14
3069 7
3070 10
3071 6
3072 9
3073 8
3074 10
3075 7
3076 3
3077 6
3078 12
3079 9
3080 7
3081 7
3082 8
3083 9
3084 8
3085 5
3086 2
3087 8
3088 8
3089 8
3090 7
3091 8
3092 2
3093 11
3094 11
3095 7
3096 10
3097 4
3098 12
3099 11
3100 8
3101 9
3102 4
3103 3
3104 10
3105 7
3106 10
3107 13
3108 12
3109 6
3110 12
3111 12
3112 5
3113 13
3114 8
3115 6
3116 16
3117 8
3118 4
3119 7
3120 8
3121 3
3122 7
3123 4
3124 11
3125 11
3126 1
3127 7
3128 5
3129 6
3130 3
3131 6
3132 8
3133 13
3134 8
3135 8
3136 7
3137 8
3138 14
3139 6
3140 7
3141 6
3142 10
3143 5
3144 2
3145 6
3146 10
3147 2
3148 8
3149 14
3150 6
3151 4
3152 8
3153 13
3154 6
3155 13
3156 4
3157 4
3158 10
3159 11
3160 12
3161 13
3162 6
3163 6
3164 2
3165 13
3166 12
3167 4
3168 4
3169 8
3170 9
3171 12
3172 8
3173 6
3174 5
3175 4
3176 10
3177 7
3178 9
3179 10
3180 15
3181 9
3182 9
3183 11
3184 5
3185 12
3186 6
3187 12
3188 4
3189 10
3190 11
3191 5
3192 8
3193 8
3194 6
3195 8
3196 8
3197 6
3198 6
3199 8
3200 6
3201 6
3202 5
3203 6
3204 9
3205 9
3206 7
3207 4
3208 8
3209 9
3210 5
3211 5
3212 8
3213 8
3214 8
3215 8
3216 7
3217 9
3218 6
3219 0
3220 2
3221 7
3222 13
3223 11
3224 5
3225 6
3226 5
3227 6
3228 8
3229 9
3230 7
3231 7
3232 7
3233 8
3234 6
3235 8
3236 7
3237 7
3238 10
3239 7
3240 11
3241 7
3242 6
3243 9
3244 9
3245 7
3246 12
3247 7
3248 11
3249 4
3250 7
3251 10
3252 6
3253 6
3254 10
3255 6
3256 6
3257 6
3258 13
3259 9
3260 8
3261 8
3262 7
3263 7
3264 9
3265 11
3266 7
3267 5
3268 10
3269 7
3270 11
3271 5
3272 6
3273 7
3274 12
3275 8
3276 8
3277 6
3278 4
3279 7
3280 7
3281 5
3282 4
3283 10
3284 8
3285 5
3286 7
3287 7
3288 5
3289 3
3290 5
3291 8
3292 10
3293 6
3294 7
3295 7
3296 11
3297 12
3298 8
3299 12
3300 8
3301 8
3302 8
3303 8
3304 10
3305 11
3306 6
3307 12
3308 14
3309 10
3310 8
3311 11
3312 9
3313 8
3314 8
3315 7
3316 14
3317 10
3318 7
3319 12
3320 13
3321 5
3322 7
3323 11
3324 2
3325 17
3326 6
3327 9
3328 8
3329 6
3330 11
3331 6
3332 9
3333 3
3334 7
3335 10
3336 5
3337 6
3338 9
3339 9
3340 8
3341 8
3342 7
3343 5
3344 6
3345 8
3346 9
3347 11
3348 9
3349 3
3350 2
3351 8
3352 7
3353 10
3354 6
3355 8
3356 6
3357 1
3358 9
3359 4
3360 4
3361 8
3362 11
3363 8
3364 8
3365 7
3366 4
3367 8
3368 8
3369 4
3370 8
3371 3
3372 7
3373 7
3374 5
3375 5
3376 12
3377 6
3378 7
3379 7
3380 7
3381 9
3382 6
3383 8
3384 7
3385 7
3386 7
3387 9
3388 6
3389 7
3390 11
3391 9
3392 8
3393 10
3394 6
3395 9
3396 6
3397 8
3398 7
3399 13
3400 5
3401 5
3402 10
3403 8
3404 9
3405 13
3406 4
3407 3
3408 6
3409 5
3410 8
3411 6
3412 8
3413 16
3414 6
3415 8
3416 8
3417 12
3418 8
3419 5
3420 5
3421 5
3422 10
3423 6
3424 5
3425 12
3426 12
3427 6
3428 7
3429 4
3430 8
3431 3
3432 5
3433 11
3434 8
3435 6
3436 7
3437 8
3438 5
3439 11
3440 8
3441 4
3442 11
3443 7
3444 5
3445 5
3446 6
3447 8
3448 4
3449 9
3450 9
3451 10
3452 6
3453 4
3454 6
3455 6
3456 7
3457 4
3458 6
3459 13
3460 5
3461 5
3462 8
3463 3
3464 10
3465 7
3466 14
3467 6
3468 5
3469 11
3470 5
3471 10
3472 6
3473 5
3474 4
3475 13
3476 10
3477 8
3478 12
3479 9
3480 5
3481 11
3482 8
3483 9
3484 15
3485 11
3486 7
3487 7
3488 11
3489 4
3490 7
3491 9
3492 9
3493 6
3494 11
3495 7
3496 5
3497 7
3498 4
3499 11
3500 8
3501 11
3502 12
3503 6
3504 7
3505 9
3506 9
3507 11
3508 5
3509 12
3510 10
3511 10
3512 8
3513 5
3514 10
3515 11
3516 5
3517 8
3518 6
3519 6
3520 4
3521 8
3522 11
3523 6
3524 7
3525 10
3526 11
3527 9
3528 5
3529 9
3530 6
3531 9
3532 13
3533 7
3534 9
3535 5
3536 11
3537 18
3538 8
3539 7
3540 7
3541 5
3542 8
3543 6
3544 10
3545 6
3546 5
3547 10
3548 8
3549 5
3550 5
3551 10
3552 8
3553 5
3554 9
3555 9
3556 5
3557 14
3558 6
3559 9
3560 5
3561 8
3562 8
3563 7
3564 6
3565 7
3566 6
3567 10
3568 8
3569 13
3570 5
