0 5
1 8
2 6
3 7
4 9
5 3
6 8
7 9
8 7
9 7
10 12
11 4
12 8
13 12
14 9
15 5
16 7
17 9
18 9
19 6
20 8
21 7
22 9
23 11
24 6
25 2
26 5
27 6
28 8
29 8
30 10
31 8
32 9
33 7
34 8
35 9
36 14
37 3
38 13
39 5
40 9
41 9
42 5
43 6
44 10
45 5
46 5
47 7
48 8
49 5
50 9
51 5
52 11
53 3
54 7
55 11
56 8
57 9
58 2
59 12
60 13
61 3
62 9
63 10
64 6
65 3
66 8
67 9
68 7
69 10
70 6
71 7
72 5
73 8
74 10
75 6
76 6
77 10
78 6
79 8
80 5
81 5
82 5
83 9
84 4
85 9
86 4
87 11
88 11
89 11
90 8
91 5
92 9
93 9
94 6
95 6
96 10
97 15
98 12
99 7
100 9
101 7
102 9
103 7
104 3
105 9
106 7
107 5
108 10
109 7
110 9
111 16
112 6
113 8
114 13
115 6
116 4
117 6
118 10
119 9
120 5
121 2
122 11
123 12
124 7
125 11
126 10
127 4
128 8
129 8
130 9
131 8
132 5
133 10
134 5
135 7
136 6
137 8
138 4
139 8
140 3
141 4
142 6
143 8
144 10
145 12
146 5
147 9
148 9
149 7
150 8
151 12
152 11
153 8
154 13
155 4
156 10
157 8
158 7
159 7
160 7
161 5
162 9
163 13
164 5
165 4
166 8
167 6
168 8
169 8
170 7
171 5
172 6
173 8
174 6
175 7
176 6
177 9
178 9
179 6
180 9
181 1
182 5
183 12
184 5
185 6
186 7
187 8
188 17
189 8
190 4
191 4
192 8
193 8
194 8
195 10
196 7
197 9
198 4
199 6
200 7
201 7
202 10
203 11
204 5
205 10
206 7
207 6
208 5
209 7
210 11
211 6
212 12
213 6
214 5
215 8
216 14
217 9
218 6
219 14
220 6
221 12
222 8
223 6
224 12
225 3
226 6
227 7
228 7
229 3
230 5
231 6
232 9
233 7
234 6
235 9
236 5
237 10
238 6
239 5
240 10
241 8
242 7
243 7
244 8
245 8
246 6
247 4
248 11
249 6
250 10
251 6
252 9
253 4
254 8
255 10
256 6
257 8
258 10
259 10
260 10
261 5
262 5
263 11
264 6
265 5
266 6
267 7
268 8
269 9
270 8
271 8
272 5
273 12
274 9
275 10
276 6
277 6
278 9
279 8
280 3
281 6
282 7
283 7
284 5
285 6
286 7
287 8
288 12
289 13
290 9
291 11
292 11
293 12
294 13
295 11
296 9
297 9
298 6
299 6
300 5
301 9
302 13
303 9
304 7
305 6
306 9
307 10
308 6
309 10
310 10
311 8
312 11
313 8
314 6
315 9
316 10
317 6
318 12
319 9
320 8
321 15
322 6
323 5
324 6
325 9
326 7
327 6
328 4
329 8
330 8
331 5
332 9
333 7
334 8
335 7
336 5
337 6
338 5
339 7
340 7
341 10
342 11
343 5
344 10
345 7
346 6
347 8
348 8
349 11
350 10
351 10
352 7
353 7
354 11
355 5
356 7
357 8
358 5
359 7
360 7
361 6
362 7
363 7
364 10
365 10
366 8
367 11
368 10
369 4
370 12
371 10
372 11
373 12
374 9
375 9
376 6
377 8
378 6
379 3
380 5
381 4
382 3
383 8
384 9
385 8
386 8
387 10
388 7
389 4
390 10
391 5
392 6
393 9
394 11
395 7
396 13
397 6
398 15
399 11
400 9
401 7
402 8
403 8
404 6
405 6
406 9
407 11
408 5
409 7
410 10
411 10
412 5
413 10
414 15
415 8
416 9
417 9
418 7
419 6
420 8
421 4
422 7
423 4
424 7
425 4
426 4
427 8
428 9
429 5
430 9
431 9
432 10
433 10
434 9
435 13
436 10
437 8
438 8
439 10
440 7
441 7
442 8
443 8
444 12
445 10
446 12
447 12
448 4
449 8
450 7
451 11
452 10
453 10
454 14
455 9
456 3
457 11
458 9
459 11
460 8
461 8
462 7
463 10
464 4
465 12
466 7
467 14
468 6
469 8
470 11
471 3
472 8
473 9
474 10
475 8
476 5
477 14
478 7
479 8
480 9
481 11
482 6
483 8
484 9
485 4
486 9
487 6
488 5
489 7
490 8
491 8
492 12
493 8
494 6
495 6
496 6
497 3
498 4
499 6
500 8
501 5
502 9
503 13
504 4
505 6
506 3
507 4
508 7
509 8
510 6
511 8
512 9
513 8
514 9
515 8
516 5
517 7
518 6
519 3
520 3
521 8
522 4
523 6
524 9
525 6
526 9
527 4
528 9
529 6
530 10
531 3
532 5
533 7
534 10
535 8
536 13
537 9
538 6
539 7
540 8
541 9
542 9
543 6
544 13
545 12
546 7
547 9
548 12
549 9
550 8
551 13
552 10
553 10
554 8
555 12
556 3
557 4
558 10
559 11
560 12
561 5
562 8
563 4
564 11
565 9
566 10
567 6
568 7
569 12
570 11
571 15
572 7
573 8
574 6
575 10
576 11
577 8
578 6
579 8
580 6
581 8
582 9
583 8
584 9
585 7
586 11
587 3
588 13
589 7
590 3
591 8
592 7
593 7
594 11
595 5
596 7
597 7
598 10
599 12
600 9
601 9
602 11
603 13
604 8
605 9
606 10
607 5
608 12
609 9
610 7
611 12
612 7
613 8
614 9
615 11
616 7
617 9
618 12
619 6
620 9
621 6
622 12
623 7
624 6
625 5
626 7
627 5
628 9
629 10
630 5
631 6
632 7
633 10
634 2
635 4
636 12
637 8
638 6
639 12
640 2
641 7
642 5
643 9
644 6
645 13
646 9
647 11
648 7
649 6
650 5
651 3
652 9
653 8
654 5
655 6
656 11
657 7
658 9
659 11
660 6
661 7
662 7
663 4
664 12
665 7
666 10
667 7
668 3
669 4
670 4
671 7
672 10
673 9
674 10
675 4
676 4
677 7
678 11
679 6
680 7
681 9
682 5
683 7
684 8
685 13
686 7
687 10
688 12
689 6
690 8
691 5
692 8
693 6
694 7
695 7
696 6
697 5
698 12
699 6
700 7
701 5
702 10
703 6
704 9
705 3
706 8
707 10
708 1
709 5
710 9
711 10
712 6
713 6
714 9
715 5
716 9
717 8
718 9
719 11
720 6
721 4
722 6
723 9
724 7
725 5
726 8
727 12
728 7
729 7
730 8
731 10
732 6
733 8
734 8
735 4
736 4
737 8
738 12
739 14
740 8
741 5
742 12
743 6
744 7
745 12
746 12
747 10
748 10
749 8
750 8
751 5
752 9
753 6
754 8
755 7
756 14
757 10
758 11
759 3
760 9
761 5
762 5
763 7
764 5
765 11
766 11
767 4
768 10
769 9
770 7
771 14
772 2
773 10
774 4
775 8
776 9
777 7
778 4
779 7
780 8
781 8
782 5
783 6
784 9
785 6
786 11
787 7
788 7
789 8
790 10
791 6
792 11
793 8
794 9
795 1
796 7
797 5
798 8
799 15
800 7
801 10
802 6
803 8
804 6
805 8
806 9
807 4
808 7
809 8
810 4
811 6
812 12
813 13
814 8
815 5
816 6
817 6
818 3
819 7
820 6
821 5
822 7
823 7
824 10
825 13
826 9
827 9
828 13
829 7
830 11
831 7
832 1
833 9
834 7
835 4
836 10
837 7
838 10
839 6
840 4
841 9
842 7
843 4
844 7
845 5
846 7
847 10
848 6
849 6
850 10
851 6
852 4
853 7
854 11
855 8
856 12
857 9
858 3
859 7
860 9
861 8
862 3
863 4
864 7
865 8
866 4
867 11
868 5
869 11
870 9
871 13
872 8
873 12
874 5
875 8
876 9
877 7
878 4
879 5
880 7
881 6
882 7
883 10
884 3
885 8
886 13
887 9
888 11
889 13
890 3
891 6
892 12
893 8
894 7
895 6
896 13
897 8
898 16
899 8
900 9
901 6
902 8
903 8
904 5
905 7
906 5
907 10
908 5
909 5
910 11
911 4
912 5
913 16
914 9
915 6
916 9
917 4
918 10
919 10
920 7
921 6
922 6
923 11
924 10
925 8
926 11
927 7
928 8
929 8
930 7
931 6
932 11
933 5
934 6
935 6
936 11
937 7
938 8
939 10
940 10
941 4
942 4
943 10
944 8
945 2
946 2
947 13
948 5
949 11
950 2
951 5
952 9
953 5
954 7
955 5
956 12
957 6
958 5
959 4
960 12
961 3
962 6
963 8
964 7
965 10
966 12
967 6
968 8
969 8
970 8
971 7
972 4
973 7
974 12
975 7
976 10
977 7
978 9
979 9
980 11
981 2
982 6
983 6
984 9
985 12
986 11
987 4
988 12
989 4
990 11
991 7
992 6
993 7
994 7
995 9
996 13
997 9
998 13
999 9
1000 6
1001 6
1002 14
1003 8
1004 10
1005 7
1006 6
1007 7
1008 7
1009 12
1010 2
1011 7
1012 8
1013 10
1014 7
1015 6
1016 7
1017 10
1018 7
1019 6
1020 9
1021 6
1022 8
1023 5
1024 11
1025 7
1026 7
1027 11
1028 10
1029 5
1030 4
1031 11
1032 11
1033 9
1034 8
1035 4
1036 7
1037 9
1038 12
1039 13
1040 6
1041 4
1042 7
1043 8
1044 5
1045 4
1046 6
1047 3
1048 11
1049 6
1050 13
1051 14
1052 7
1053 9
1054 8
1055 11
1056 9
1057 7
1058 10
1059 10
1060 3
1061 9
1062 9
1063 3
1064 10
1065 10
1066 5
1067 6
1068 3
1069 6
1070 10
1071 2
1072 6
1073 8
1074 8
1075 12
1076 4
1077 10
1078 15
1079 5
1080 6
1081 8
1082 5
1083 11
1084 6
1085 8
1086 7
1087 11
1088 9
1089 9
1090 7
1091 5
1092 8
1093 5
1094 9
1095 6
1096 3
1097 11
1098 7
1099 5
1100 10
1101 4
1102 6
1103 13
1104 10
1105 7
1106 12
1107 9
1108 6
1109 9
1110 10
1111 4
1112 10
1113 4
1114 5
1115 6
1116 10
1117 4
1118 6
1119 8
1120 8
1121 5
1122 11
1123 9
1124 8
1125 9
1126 5
1127 4
1128 10
1129 5
1130 7
1131 8
1132 8
1133 4
1134 8
1135 5
1136 12
1137 11
1138 10
1139 10
1140 6
1141 7
1142 4
1143 9
1144 14
1145 8
1146 4
1147 11
1148 7
1149 8
1150 6
1151 8
1152 9
1153 12
1154 8
1155 8
1156 9
1157 11
1158 8
1159 7
1160 8
1161 5
1162 11
1163 2
1164 10
1165 6
1166 4
1167 7
1168 5
1169 11
1170 7
1171 6
1172 7
1173 9
1174 6
1175 4
1176 2
1177 3
1178 5
1179 6
1180 10
1181 13
1182 6
1183 8
1184 5
1185 8
1186 5
1187 12
1188 6
1189 9
1190 7
1191 10
1192 5
1193 7
1194 6
1195 5
1196 9
1197 6
1198 10
1199 7
1200 7
1201 10
1202 8
1203 6
1204 11
1205 8
1206 12
1207 11
1208 9
1209 7
1210 12
1211 8
1212 10
1213 10
1214 5
1215 9
1216 6
1217 8
1218 11
1219 10
1220 9
1221 9
1222 3
1223 12
1224 7
1225 12
1226 5
1227 4
1228 9
1229 7
1230 10
1231 10
1232 7
1233 7
1234 5
1235 11
1236 10
1237 7
1238 8
1239 10
1240 5
1241 7
1242 9
1243 11
1244 9
1245 5
1246 5
1247 5
1248 7
1249 12
1250 11
1251 8
1252 5
1253 13
1254 12
1255 4
1256 7
1257 5
1258 7
1259 8
1260 10
1261 4
1262 7
1263 3
1264 5
1265 5
1266 8
1267 8
1268 6
1269 11
1270 9
1271 10
1272 9
1273 8
1274 6
1275 6
1276 10
1277 11
1278 7
1279 4
1280 7
1281 7
1282 8
1283 7
1284 10
1285 5
1286 5
1287 8
1288 8
1289 5
1290 6
1291 8
1292 5
1293 3
1294 12
1295 10
1296 3
1297 7
1298 8
1299 7
1300 6
1301 5
1302 12
1303 8
1304 12
1305 7
1306 6
1307 5
1308 7
1309 9
1310 9
1311 7
1312 6
1313 4
1314 6
1315 16
1316 3
1317 9
1318 9
1319 11
1320 9
1321 9
1322 5
1323 7
1324 8
1325 8
1326 10
1327 6
1328 7
1329 12
1330 8
1331 3
1332 9
1333 9
1334 10
1335 12
1336 11
1337 9
1338 5
1339 6
1340 7
1341 5
1342 6
1343 9
1344 8
1345 6
1346 3
1347 9
1348 6
1349 7
1350 7
1351 10
1352 6
1353 8
1354 8
1355 6
1356 2
1357 5
1358 3
1359 9
1360 6
1361 6
1362 7
1363 7
1364 9
1365 11
1366 9
1367 10
1368 5
1369 12
1370 13
1371 4
1372 3
1373 5
1374 7
1375 13
1376 12
1377 10
1378 11
1379 6
1380 6
1381 7
1382 7
1383 6
1384 8
1385 6
1386 7
1387 3
1388 6
1389 10
1390 6
1391 8
1392 8
1393 6
1394 8
1395 9
1396 4
1397 11
1398 12
1399 4
1400 8
1401 8
1402 7
1403 6
1404 10
1405 6
1406 12
1407 5
1408 9
1409 2
1410 12
1411 7
1412 6
1413 8
1414 7
1415 12
1416 11
1417 9
1418 8
1419 7
1420 4
1421 10
1422 8
1423 10
1424 4
1425 5
1426 4
1427 5
1428 8
1429 5
1430 2
1431 6
1432 6
1433 13
1434 7
1435 11
1436 4
1437 9
1438 9
1439 9
1440 2
1441 7
1442 9
1443 8
1444 8
1445 3
1446 11
1447 7
1448 12
1449 9
1450 3
1451 5
1452 6
1453 6
1454 7
1455 7
1456 7
1457 8
1458 9
1459 6
1460 7
1461 5
1462 7
1463 10
1464 7
1465 7
1466 9
1467 7
1468 8
1469 7
1470 16
1471 7
1472 9
1473 9
1474 8
1475 6
1476 6
1477 3
1478 5
1479 7
1480 4
1481 7
1482 5
1483 7
1484 4
1485 10
1486 3
1487 10
1488 10
1489 5
1490 7
1491 7
1492 10
1493 6
1494 10
1495 10
1496 7
1497 10
1498 6
1499 7
1500 9
1501 11
1502 5
1503 7
1504 8
1505 12
1506 5
1507 8
1508 6
1509 5
1510 8
1511 7
1512 5
1513 3
1514 7
1515 8
1516 9
1517 8
1518 6
1519 7
1520 11
1521 13
1522 12
1523 6
1524 8
1525 4
1526 4
1527 5
1528 9
1529 15
1530 9
1531 11
1532 11
1533 8
1534 12
1535 4
1536 7
1537 10
1538 7
1539 5
1540 5
1541 12
1542 10
1543 6
1544 4
1545 5
1546 2
1547 6
1548 13
1549 5
1550 12
1551 9
1552 9
1553 6
1554 16
1555 5
1556 7
1557 8
1558 5
1559 7
1560 9
1561 9
1562 9
1563 7
1564 4
1565 10
1566 7
1567 7
1568 9
1569 11
1570 6
1571 10
1572 7
1573 8
1574 8
1575 3
1576 5
1577 4
1578 9
1579 5
1580 7
1581 10
1582 12
1583 5
1584 7
1585 8
1586 9
1587 5
1588 11
1589 7
1590 5
1591 3
1592 10
1593 9
1594 7
1595 6
1596 3
1597 4
1598 3
1599 7
1600 8
1601 9
1602 5
1603 9
1604 7
1605 9
1606 6
1607 8
1608 7
1609 11
1610 8
1611 9
1612 12
1613 10
1614 12
1615 10
1616 6
1617 6
1618 7
1619 5
1620 11
1621 7
1622 11
1623 5
1624 10
1625 4
1626 6
1627 9
1628 13
1629 5
1630 9
1631 7
1632 10
1633 9
1634 5
1635 7
1636 10
1637 14
1638 10
1639 12
1640 4
1641 8
1642 8
1643 9
1644 7
1645 8
1646 5
1647 10
1648 9
1649 7
1650 18
1651 7
1652 4
1653 8
1654 8
1655 4
1656 7
1657 11
1658 17
1659 10
1660 9
1661 3
1662 4
1663 2
1664 12
1665 5
1666 3
1667 2
1668 3
1669 7
1670 5
1671 6
1672 5
1673 11
1674 11
1675 4
1676 10
1677 10
1678 5
1679 9
1680 6
1681 8
1682 5
1683 8
1684 7
1685 8
1686 8
1687 11
1688 8
1689 4
1690 5
1691 3
1692 5
1693 6
1694 8
1695 7
1696 9
1697 10
1698 8
1699 9
1700 7
1701 5
1702 8
1703 9
1704 10
1705 10
1706 12
1707 8
1708 10
1709 8
1710 7
1711 10
1712 7
1713 4
1714 6
1715 5
1716 4
1717 6
1718 9
1719 4
1720 4
1721 7
1722 7
1723 4
1724 7
1725 6
1726 7
1727 4
1728 7
1729 7
1730 13
1731 8
1732 3
1733 7
1734 7
1735 7
1736 6
1737 8
1738 10
1739 11
1740 8
1741 6
1742 7
1743 3
1744 4
1745 14
1746 6
1747 3
1748 10
1749 4
1750 10
1751 8
1752 7
1753 9
1754 8
1755 8
1756 5
1757 2
1758 5
1759 7
1760 8
1761 7
1762 9
1763 7
1764 4
1765 11
1766 5
1767 6
1768 7
1769 7
1770 13
1771 4
1772 6
1773 3
1774 14
1775 11
1776 9
1777 11
1778 6
1779 8
1780 6
1781 7
1782 6
1783 8
1784 7
1785 6
1786 9
1787 12
1788 8
1789 10
1790 8
1791 5
1792 9
1793 9
1794 10
1795 7
1796 9
1797 5
1798 8
1799 7
1800 13
1801 9
1802 7
1803 7
1804 8
1805 11
1806 9
1807 8
1808 9
1809 7
1810 11
1811 12
1812 7
1813 7
1814 9
1815 11
1816 6
1817 9
1818 9
1819 5
1820 7
1821 9
1822 7
1823 11
1824 5
1825 14
1826 8
1827 7
1828 7
1829 10
1830 6
1831 7
1832 9
1833 13
1834 5
1835 6
1836 8
1837 4
1838 7
1839 8
1840 8
1841 6
1842 3
1843 2
1844 7
1845 10
1846 7
1847 6
1848 8
1849 14
1850 10
1851 5
1852 6
1853 8
1854 6
1855 11
1856 7
1857 13
1858 8
1859 8
1860 7
1861 8
1862 8
1863 11
1864 7
1865 4
1866 7
1867 8
1868 7
1869 5
1870 6
1871 4
1872 7
1873 4
1874 4
1875 9
1876 10
1877 9
1878 12
1879 7
1880 4
1881 9
1882 8
1883 10
1884 13
1885 10
1886 10
1887 7
1888 4
1889 8
1890 6
1891 7
1892 9
1893 9
1894 11
1895 8
1896 16
1897 8
1898 13
1899 1
1900 8
1901 0
1902 9
1903 4
1904 5
1905 7
1906 13
1907 12
1908 14
1909 9
1910 11
1911 1
1912 10
1913 3
1914 6
1915 5
1916 8
1917 3
1918 9
1919 8
1920 13
1921 4
1922 10
1923 15
1924 6
1925 6
1926 9
1927 8
1928 6
1929 10
1930 6
1931 5
1932 9
1933 5
1934 8
1935 9
1936 11
1937 7
1938 6
1939 8
1940 3
1941 9
1942 5
1943 3
1944 10
1945 8
1946 9
1947 5
1948 6
1949 6
1950 9
1951 1
1952 6
1953 3
1954 9
1955 12
1956 8
1957 4
1958 4
1959 9
1960 10
1961 4
1962 3
1963 3
1964 7
1965 11
1966 10
1967 6
1968 8
1969 9
1970 7
1971 8
1972 9
1973 8
1974 6
1975 4
1976 8
1977 5
1978 8
1979 15
1980 10
1981 6
1982 4
1983 11
1984 5
1985 6
1986 6
1987 12
1988 12
1989 5
1990 6
1991 14
1992 12
1993 10
1994 6
1995 4
1996 6
1997 5
1998 6
1999 8
2000 7
2001 13
2002 4
2003 7
2004 3
2005 8
2006 5
2007 10
2008 9
2009 7
2010 5
2011 2
2012 8
2013 6
2014 12
2015 14
2016 6
2017 8
2018 4
2019 6
2020 2
2021 5
2022 6
2023 13
2024 14
2025 4
2026 8
2027 12
2028 9
2029 13
2030 11
2031 6
2032 4
2033 6
2034 9
2035 11
2036 11
2037 2
2038 13
2039 9
2040 9
2041 6
2042 6
2043 9
2044 5
2045 6
2046 4
2047 11
2048 2
2049 10
2050 5
2051 4
2052 10
2053 12
2054 7
2055 8
2056 7
2057 2
2058 5
2059 5
2060 6
2061 6
2062 4
2063 10
2064 11
2065 11
2066 14
2067 10
2068 8
2069 10
2070 10
2071 8
2072 6
2073 8
2074 9
2075 9
2076 10
2077 6
2078 5
2079 8
2080 10
2081 3
2082 4
2083 7
2084 11
2085 8
2086 9
2087 2
2088 11
2089 8
2090 5
2091 3
2092 9
2093 9
2094 16
2095 7
2096 3
2097 13
2098 4
2099 8
2100 6
2101 15
2102 15
2103 5
2104 7
2105 7
2106 11
2107 3
2108 11
2109 7
2110 8
2111 11
2112 4
2113 3
2114 11
2115 11
2116 16
2117 6
2118 7
2119 7
2120 5
2121 6
2122 2
2123 7
2124 10
2125 6
2126 12
2127 10
2128 8
2129 5
2130 6
2131 8
2132 6
2133 10
2134 8
2135 8
2136 9
2137 6
2138 7
2139 7
2140 3
2141 5
2142 12
2143 9
2144 9
2145 6
2146 5
2147 7
2148 3
2149 8
2150 6
2151 7
2152 10
2153 8
2154 10
2155 5
2156 11
2157 5
2158 8
2159 5
2160 3
2161 3
2162 7
2163 10
2164 9
2165 10
2166 7
2167 9
2168 10
2169 8
2170 6
2171 3
2172 7
2173 5
2174 15
2175 4
2176 5
2177 7
2178 10
2179 7
2180 13
2181 7
2182 8
2183 6
2184 11
2185 10
2186 8
2187 9
2188 6
2189 8
2190 8
2191 7
2192 6
2193 11
2194 5
2195 6
2196 8
2197 6
2198 4
2199 5
2200 9
2201 7
2202 11
2203 5
2204 8
2205 10
2206 6
2207 6
2208 5
2209 8
2210 5
2211 11
2212 5
2213 8
2214 9
2215 6
2216 4
2217 2
2218 8
2219 2
2220 10
2221 10
2222 8
2223 4
2224 13
2225 5
2226 11
2227 8
2228 5
2229 7
2230 5
2231 9
2232 8
2233 8
2234 6
2235 11
2236 6
2237 8
2238 8
2239 7
2240 14
2241 5
2242 9
2243 8
2244 6
2245 8
2246 10
2247 3
2248 8
2249 9
2250 6
2251 7
2252 8
2253 8
2254 7
2255 8
2256 13
2257 9
2258 7
2259 1
2260 5
2261 2
2262 8
2263 16
2264 8
2265 11
2266 10
2267 5
2268 6
2269 6
2270 8
2271 9
2272 8
2273 8
2274 9
2275 11
2276 11
2277 9
2278 7
2279 7
2280 11
2281 8
2282 6
2283 6
2284 10
2285 8
2286 9
2287 9
2288 9
2289 16
2290 8
2291 5
2292 10
2293 8
2294 8
2295 7
2296 9
2297 10
2298 7
2299 9
2300 8
2301 6
2302 9
2303 9
2304 9
2305 7
2306 11
2307 7
2308 8
2309 8
2310 4
2311 6
2312 6
2313 6
2314 3
2315 11
2316 7
2317 11
2318 8
2319 2
2320 7
2321 5
2322 5
2323 8
2324 11
2325 11
2326 8
2327 6
2328 7
2329 5
2330 6
2331 8
2332 6
2333 8
2334 2
2335 11
2336 8
2337 9
2338 4
2339 10
2340 10
2341 7
2342 7
2343 6
2344 10
2345 13
2346 9
2347 3
2348 8
2349 7
2350 4
2351 7
2352 6
2353 8
2354 13
2355 8
2356 3
2357 11
2358 10
2359 14
2360 11
2361 8
2362 5
2363 8
2364 9
2365 12
2366 7
2367 7
2368 7
2369 3
2370 8
2371 7
2372 10
2373 6
2374 6
2375 11
2376 1
2377 8
2378 7
2379 11
2380 4
2381 12
2382 6
2383 6
2384 8
2385 6
2386 7
2387 2
2388 7
2389 5
2390 4
2391 8
2392 8
2393 6
2394 9
2395 10
2396 5
2397 7
2398 12
2399 5
2400 8
2401 11
2402 6
2403 7
2404 8
2405 7
2406 8
2407 2
2408 6
2409 6
2410 5
2411 10
2412 7
2413 7
2414 7
2415 9
2416 16
2417 9
2418 4
2419 4
2420 4
2421 7
2422 9
2423 10
2424 5
2425 9
2426 7
2427 11
2428 9
2429 11
2430 6
2431 5
2432 7
2433 15
2434 11
2435 4
2436 15
2437 6
2438 8
2439 14
2440 5
2441 11
2442 7
2443 8
2444 9
2445 9
2446 11
2447 9
2448 7
2449 9
2450 7
2451 3
2452 8
2453 9
2454 6
2455 6
2456 8
2457 6
2458 11
2459 6
2460 7
2461 11
2462 8
2463 6
2464 5
2465 11
2466 4
2467 10
2468 6
2469 12
2470 6
2471 6
2472 6
2473 10
2474 5
2475 4
2476 6
2477 6
2478 8
2479 7
2480 9
2481 9
2482 8
2483 5
2484 10
2485 10
2486 5
2487 10
2488 6
2489 8
2490 7
2491 7
2492 9
2493 3
2494 7
2495 11
2496 12
2497 13
2498 12
2499 8
2500 10
2501 11
2502 7
2503 5
2504 6
2505 8
2506 10
2507 11
2508 10
2509 5
2510 8
2511 9
2512 6
2513 12
2514 13
2515 12
2516 8
2517 11
2518 7
2519 10
2520 6
2521 4
2522 5
2523 11
2524 9
2525 8
2526 10
2527 11
2528 8
2529 8
2530 7
2531 9
2532 13
2533 5
2534 5
2535 8
2536 2
2537 6
2538 7
2539 13
2540 5
2541 4
2542 7
2543 8
2544 8
2545 11
2546 12
2547 7
2548 7
2549 6
2550 8
2551 5
2552 10
2553 7
2554 9
2555 6
2556 12
2557 6
2558 7
2559 4
2560 8
2561 2
2562 7
2563 6
2564 5
2565 10
2566 4
2567 4
2568 7
2569 11
2570 6
2571 10
2572 9
2573 9
2574 12
2575 9
2576 3
2577 10
2578 4
2579 5
2580 11
2581 6
2582 10
2583 10
2584 9
2585 5
2586 11
2587 9
2588 11
2589 4
2590 10
2591 11
2592 6
2593 12
2594 7
2595 10
2596 9
2597 5
2598 6
2599 6
2600 7
2601 7
2602 5
2603 8
2604 6
2605 5
2606 10
2607 6
2608 11
2609 7
2610 6
2611 10
2612 4
2613 6
2614 3
2615 7
2616 6
2617 7
2618 4
2619 3
2620 8
2621 13
2622 10
2623 3
2624 7
2625 7
2626 9
2627 3
2628 7
2629 4
2630 5
2631 6
2632 7
2633 17
2634 7
2635 5
2636 7
2637 5
2638 5
2639 11
2640 12
2641 7
2642 8
2643 11
2644 4
2645 9
2646 10
2647 13
2648 8
2649 7
2650 3
2651 8
2652 6
2653 7
2654 8
2655 6
2656 12
2657 4
2658 6
2659 6
2660 9
2661 8
2662 5
2663 9
2664 8
2665 7
2666 7
2667 7
2668 9
2669 11
2670 5
2671 7
2672 6
2673 10
2674 12
2675 7
2676 10
2677 6
2678 10
2679 7
2680 12
2681 8
2682 10
2683 9
2684 9
2685 5
2686 11
2687 7
2688 9
2689 9
2690 5
2691 15
2692 11
2693 13
2694 5
2695 6
2696 5
2697 4
2698 4
2699 9
2700 7
2701 9
2702 5
2703 8
2704 5
2705 12
2706 15
2707 5
2708 12
2709 14
2710 7
2711 9
2712 5
2713 10
2714 11
2715 6
2716 9
2717 7
2718 11
2719 4
2720 6
2721 7
2722 1
2723 9
2724 4
2725 8
2726 7
2727 3
2728 8
2729 10
2730 4
2731 9
2732 7
2733 3
2734 8
2735 7
2736 9
2737 14
2738 7
2739 5
2740 6
2741 6
2742 3
2743 8
2744 7
2745 3
2746 4
2747 9
2748 10
2749 12
2750 9
2751 7
2752 11
2753 10
2754 6
2755 14
2756 7
2757 5
2758 14
2759 4
2760 9
2761 6
2762 12
2763 9
2764 9
2765 8
2766 9
2767 13
2768 9
2769 8
2770 5
2771 11
2772 3
2773 5
2774 11
2775 8
2776 11
2777 6
2778 10
2779 6
2780 3
2781 8
2782 9
2783 4
2784 5
2785 10
2786 8
2787 12
2788 6
2789 6
2790 6
2791 7
2792 7
2793 10
2794 8
2795 3
2796 5
2797 8
2798 6
2799 11
2800 5
2801 6
2802 7
2803 8
2804 7
2805 8
2806 7
2807 5
2808 8
2809 7
2810 10
2811 7
2812 15
2813 9
2814 9
2815 6
2816 15
2817 10
2818 11
2819 9
2820 9
2821 7
2822 8
2823 9
2824 5
2825 5
2826 4
2827 6
2828 11
2829 4
2830 6
2831 6
2832 9
2833 11
2834 8
2835 6
2836 11
2837 10
2838 13
2839 8
2840 5
2841 10
2842 9
2843 2
2844 6
2845 8
2846 10
2847 6
2848 12
2849 5
2850 9
2851 11
2852 9
2853 7
2854 6
2855 11
2856 5
2857 5
2858 9
2859 5
2860 5
2861 8
2862 8
2863 11
2864 8
2865 8
2866 11
2867 3
2868 8
2869 2
2870 8
2871 8
2872 5
2873 2
2874 6
2875 6
2876 6
2877 3
2878 8
2879 12
2880 6
2881 9
2882 9
2883 7
2884 13
2885 4
2886 8
2887 10
2888 8
2889 11
2890 7
2891 11
2892 10
2893 4
2894 10
2895 10
2896 11
2897 6
2898 9
2899 6
2900 3
2901 5
2902 5
2903 10
2904 9
2905 8
2906 6
2907 5
2908 7
2909 5
2910 13
2911 12
2912 7
2913 5
2914 5
2915 7
2916 4
2917 12
2918 10
2919 7
2920 7
2921 7
2922 11
2923 6
2924 6
2925 5
2926 8
2927 8
2928 10
2929 14
2930 4
2931 5
2932 9
2933 8
2934 9
2935 8
2936 9
2937 9
2938 8
2939 13
2940 10
2941 3
2942 7
2943 3
2944 9
2945 11
2946 5
2947 9
2948 11
2949 8
2950 6
2951 9
2952 8
2953 8
2954 4
2955 9
2956 2
2957 5
2958 16
2959 10
2960 4
2961 9
2962 5
2963 2
2964 14
2965 6
2966 6
2967 7
2968 12
2969 5
2970 8
2971 10
2972 10
2973 9
2974 8
2975 4
2976 7
2977 7
2978 6
2979 11
2980 10
2981 7
2982 3
2983 14
2984 6
2985 11
2986 5
2987 11
2988 11
2989 3
2990 8
2991 9
2992 12
2993 4
2994 9
2995 9
2996 11
2997 8
2998 7
2999 8
3000 8
3001 4
3002 5
3003 4
3004 5
3005 12
3006 9
3007 7
3008 11
3009 7
3010 4
3011 1
3012 3
3013 9
3014 9
3015 10
3016 9
3017 5
3018 8
3019 4
3020 4
3021 8
3022 9
3023 8
3024 11
3025 3
3026 3
3027 4
3028 5
3029 10
3030 10
3031 7
3032 9
3033 8
3034 8
3035 5
3036 6
3037 6
3038 9
3039 11
3040 6
3041 4
3042 10
3043 9
3044 11
3045 6
3046 10
3047 7
3048 8
3049 13
3050 8
3051 11
3052 9
3053 6
3054 9
3055 7
3056 9
3057 6
3058 10
3059 5
3060 8
3061 8
3062 9
3063 11
3064 4
3065 8
3066 14
3067 3
3068 9
3069 9
3070 10
3071 7
3072 4
3073 10
3074 11
3075 6
3076 5
3077 8
3078 9
3079 7
3080 10
3081 4
3082 7
3083 9
3084 3
3085 7
3086 9
3087 9
3088 10
3089 14
3090 3
3091 8
3092 5
3093 11
3094 3
3095 10
3096 13
3097 9
3098 2
3099 6
3100 14
3101 5
3102 7
3103 3
3104 6
3105 8
3106 6
3107 9
3108 9
3109 9
3110 4
3111 8
3112 5
3113 9
3114 5
3115 8
3116 6
3117 8
3118 13
3119 8
3120 6
3121 6
3122 8
3123 9
3124 7
3125 8
3126 10
3127 7
3128 7
3129 4
3130 4
3131 10
3132 8
3133 9
3134 7
3135 8
3136 4
3137 6
3138 6
3139 11
3140 12
3141 10
3142 8
3143 11
3144 7
3145 3
3146 5
3147 11
3148 5
3149 11
3150 11
3151 7
3152 12
3153 7
3154 9
3155 9
3156 6
3157 7
3158 8
3159 2
3160 10
3161 11
3162 10
3163 6
3164 5
3165 4
3166 8
3167 10
3168 6
3169 9
3170 8
3171 15
3172 10
3173 4
3174 12
3175 8
3176 8
3177 3
3178 7
3179 10
3180 5
3181 6
3182 6
3183 9
3184 6
3185 9
3186 10
3187 13
3188 10
3189 6
3190 9
3191 10
3192 10
3193 6
3194 5
3195 8
3196 6
3197 9
3198 6
3199 8
3200 8
3201 6
3202 5
3203 10
3204 8
3205 5
3206 9
3207 7
3208 6
3209 7
3210 11
3211 6
3212 5
3213 12
3214 7
3215 7
3216 7
3217 5
3218 10
3219 3
3220 9
3221 8
3222 4
3223 10
3224 7
3225 4
3226 11
3227 4
3228 11
3229 7
3230 10
3231 5
3232 10
3233 8
3234 7
3235 9
3236 8
3237 8
3238 8
3239 7
3240 7
3241 8
3242 6
3243 10
3244 8
3245 5
3246 7
3247 8
3248 6
3249 7
3250 12
3251 4
3252 4
3253 8
3254 7
3255 5
3256 6
3257 6
3258 10
3259 7
3260 10
3261 10
3262 4
3263 10
3264 7
3265 9
3266 5
3267 1
3268 6
3269 7
3270 5
3271 7
3272 9
3273 4
3274 11
3275 13
3276 8
3277 2
3278 10
3279 5
3280 6
3281 11
3282 12
3283 8
3284 7
3285 9
3286 8
3287 12
3288 10
3289 11
3290 7
3291 3
3292 8
3293 11
3294 7
3295 10
3296 2
3297 12
3298 7
3299 9
3300 2
3301 5
3302 4
3303 12
3304 11
3305 9
3306 14
3307 13
3308 9
3309 5
3310 10
3311 6
3312 8
3313 5
3314 8
3315 13
3316 11
3317 8
3318 12
3319 5
3320 11
3321 8
3322 5
3323 10
3324 9
3325 4
3326 6
3327 11
3328 9
3329 13
3330 8
3331 13
3332 5
3333 4
3334 7
3335 5
3336 3
3337 6
3338 5
3339 6
3340 4
3341 6
3342 9
3343 11
3344 9
3345 5
3346 11
3347 6
3348 7
3349 7
3350 3
3351 6
3352 12
3353 8
3354 4
3355 7
3356 6
3357 2
3358 4
3359 7
3360 10
3361 7
3362 7
3363 9
3364 9
3365 3
3366 3
3367 11
3368 8
3369 11
3370 6
3371 11
3372 10
3373 8
3374 5
3375 9
3376 6
3377 8
3378 5
3379 9
3380 3
3381 11
3382 9
3383 6
3384 6
3385 5
3386 5
3387 4
3388 6
3389 5
3390 9
3391 4
3392 12
3393 9
3394 7
3395 4
3396 8
3397 8
3398 11
3399 5
3400 7
3401 10
3402 8
3403 4
3404 6
3405 13
3406 12
3407 5
3408 5
3409 5
3410 9
3411 9
3412 11
3413 10
3414 6
3415 6
3416 5
3417 7
3418 8
3419 9
3420 9
3421 10
3422 9
3423 6
3424 4
3425 5
3426 10
3427 6
3428 10
3429 8
3430 10
3431 8
3432 11
3433 12
3434 4
3435 6
3436 9
3437 5
3438 6
3439 13
3440 13
3441 7
3442 5
3443 6
3444 7
3445 12
3446 10
3447 8
3448 9
3449 13
3450 7
3451 9
3452 8
3453 4
3454 6
3455 3
3456 7
3457 6
3458 6
3459 13
3460 2
3461 4
3462 8
3463 8
3464 6
3465 8
3466 6
3467 10
3468 8
3469 10
3470 5
3471 6
3472 8
3473 5
3474 11
3475 8
3476 12
3477 10
3478 10
3479 13
3480 10
3481 15
3482 8
3483 10
3484 7
3485 13
3486 8
3487 12
3488 6
3489 7
3490 5
3491 5
3492 7
3493 4
3494 10
3495 5
3496 4
3497 7
3498 3
3499 6
3500 12
3501 9
3502 17
3503 3
3504 10
3505 8
3506 5
3507 5
3508 6
3509 4
3510 7
3511 5
3512 9
3513 7
3514 8
3515 5
3516 8
3517 7
3518 6
3519 4
3520 9
3521 5
3522 9
3523 8
3524 8
3525 6
3526 6
3527 6
3528 4
3529 6
3530 10
3531 8
3532 15
3533 10
3534 7
3535 12
3536 14
3537 10
3538 4
3539 10
3540 5
3541 9
3542 10
3543 9
3544 7
3545 9
3546 9
3547 7
3548 7
3549 12
3550 11
3551 7
3552 11
3553 7
3554 6
3555 8
3556 9
3557 9
3558 6
3559 9
3560 11
3561 7
3562 8
3563 11
3564 11
3565 8
3566 3
3567 14
3568 8
3569 6
3570 10
