0 11
1 4
2 8
3 4
4 8
5 9
6 10
7 6
8 12
9 10
10 5
11 3
12 11
13 6
14 2
15 10
16 7
17 5
18 6
19 6
20 4
21 4
22 9
23 7
24 4
25 5
26 8
27 6
28 9
29 7
30 10
31 13
32 12
33 11
34 9
35 10
36 7
37 10
38 16
39 8
40 7
41 3
42 8
43 7
44 8
45 7
46 5
47 10
48 4
49 9
50 3
51 7
52 12
53 8
54 13
55 9
56 6
57 6
58 11
59 6
60 9
61 6
62 7
63 10
64 9
65 7
66 9
67 14
68 9
69 4
70 4
71 5
72 3
73 8
74 8
75 6
76 7
77 4
78 8
79 5
80 8
81 12
82 13
83 7
84 6
85 3
86 7
87 2
88 3
89 4
90 4
91 12
92 7
93 8
94 15
95 12
96 7
97 10
98 8
99 11
100 12
101 11
102 9
103 6
104 9
105 5
106 7
107 7
108 9
109 9
110 10
111 7
112 3
113 14
114 9
115 8
116 6
117 7
118 5
119 8
120 6
121 11
122 2
123 9
124 5
125 13
126 6
127 11
128 6
129 9
130 9
131 12
132 11
133 5
134 12
135 11
136 11
137 8
138 6
139 6
140 6
141 7
142 6
143 5
144 15
145 7
146 7
147 8
148 4
149 7
150 11
151 7
152 9
153 11
154 7
155 12
156 8
157 6
158 4
159 8
160 11
161 1
162 8
163 14
164 17
165 11
166 5
167 5
168 6
169 9
170 11
171 7
172 11
173 8
174 9
175 5
176 10
177 7
178 5
179 10
180 10
181 6
182 8
183 8
184 9
185 10
186 14
187 9
188 9
189 6
190 12
191 7
192 4
193 9
194 8
195 9
196 8
197 11
198 5
199 10
200 5
201 9
202 8
203 18
204 10
205 7
206 8
207 7
208 12
209 10
210 4
211 5
212 4
213 8
214 7
215 9
216 11
217 6
218 12
219 6
220 7
221 9
222 4
223 13
224 7
225 5
226 5
227 7
228 7
229 9
230 5
231 14
232 8
233 13
234 5
235 12
236 10
237 9
238 7
239 8
240 8
241 4
242 11
243 12
244 6
245 9
246 4
247 12
248 8
249 10
250 10
251 8
252 7
253 5
254 2
255 11
256 8
257 8
258 4
259 12
260 9
261 7
262 6
263 8
264 3
265 5
266 8
267 5
268 9
269 6
270 10
271 6
272 8
273 8
274 4
275 8
276 12
277 12
278 8
279 8
280 6
281 8
282 10
283 10
284 5
285 7
286 8
287 9
288 6
289 6
290 1
291 5
292 13
293 8
294 7
295 9
296 9
297 10
298 8
299 9
300 12
301 3
302 11
303 10
304 6
305 10
306 9
307 10
308 19
309 7
310 13
311 11
312 4
313 8
314 9
315 5
316 5
317 12
318 7
319 3
320 6
321 5
322 8
323 8
324 9
325 7
326 8
327 5
328 9
329 7
330 3
331 8
332 6
333 5
334 8
335 12
336 10
337 10
338 10
339 9
340 8
341 9
342 7
343 8
344 8
345 10
346 8
347 5
348 8
349 14
350 7
351 13
352 8
353 8
354 2
355 10
356 6
357 9
358 9
359 10
360 6
361 7
362 8
363 3
364 7
365 5
366 7
367 3
368 4
369 4
370 14
371 3
372 6
373 8
374 10
375 9
376 8
377 5
378 10
379 7
380 10
381 8
382 5
383 5
384 5
385 8
386 8
387 13
388 12
389 5
390 11
391 8
392 11
393 7
394 7
395 10
396 10
397 6
398 9
399 7
400 5
401 9
402 10
403 8
404 6
405 16
406 10
407 7
408 9
409 6
410 11
411 6
412 5
413 10
414 10
415 5
416 8
417 12
418 10
419 8
420 10
421 12
422 8
423 13
424 4
425 10
426 5
427 10
428 8
429 16
430 3
431 5
432 9
433 7
434 6
435 3
436 6
437 6
438 7
439 7
440 10
441 8
442 8
443 12
444 6
445 8
446 7
447 8
448 8
449 7
450 4
451 5
452 3
453 9
454 9
455 5
456 6
457 11
458 8
459 9
460 11
461 9
462 10
463 13
464 7
465 6
466 7
467 4
468 3
469 9
470 6
471 3
472 4
473 8
474 10
475 3
476 11
477 2
478 10
479 9
480 9
481 14
482 4
483 5
484 7
485 6
486 4
487 10
488 6
489 6
490 7
491 6
492 11
493 11
494 3
495 8
496 6
497 8
498 11
499 7
500 1
501 8
502 5
503 12
504 5
505 7
506 7
507 7
508 13
509 5
510 7
511 12
512 3
513 7
514 5
515 9
516 6
517 7
518 4
519 9
520 6
521 6
522 6
523 5
524 2
525 12
526 7
527 10
528 6
529 5
530 5
531 6
532 7
533 6
534 5
535 4
536 10
537 9
538 3
539 6
540 6
541 10
542 14
543 9
544 6
545 8
546 10
547 10
548 9
549 12
550 5
551 7
552 6
553 8
554 11
555 11
556 6
557 11
558 7
559 5
560 5
561 8
562 8
563 2
564 8
565 8
566 12
567 6
568 4
569 9
570 9
571 3
572 11
573 11
574 13
575 6
576 8
577 7
578 13
579 6
580 9
581 6
582 8
583 11
584 9
585 9
586 14
587 12
588 9
589 8
590 10
591 13
592 6
593 10
594 8
595 8
596 4
597 8
598 8
599 8
600 3
601 6
602 5
603 5
604 5
605 7
606 9
607 2
608 8
609 8
610 7
611 4
612 7
613 6
614 8
615 6
616 7
617 10
618 7
619 11
620 8
621 7
622 6
623 7
624 6
625 7
626 8
627 6
628 9
629 12
630 10
631 12
632 8
633 5
634 4
635 14
636 11
637 5
638 9
639 7
640 4
641 5
642 11
643 7
644 8
645 8
646 11
647 8
648 8
649 8
650 6
651 10
652 12
653 4
654 7
655 6
656 9
657 10
658 8
659 4
660 11
661 9
662 11
663 7
664 5
665 10
666 12
667 5
668 10
669 9
670 9
671 8
672 10
673 6
674 8
675 4
676 9
677 11
678 6
679 5
680 11
681 6
682 3
683 11
684 6
685 14
686 11
687 8
688 6
689 8
690 1
691 5
692 10
693 11
694 9
695 7
696 5
697 11
698 4
699 6
700 5
701 8
702 4
703 2
704 12
705 3
706 7
707 5
708 14
709 8
710 7
711 8
712 7
713 10
714 1
715 9
716 4
717 5
718 8
719 8
720 8
721 4
722 11
723 8
724 6
725 6
726 7
727 4
728 8
729 9
730 7
731 5
732 10
733 4
734 5
735 6
736 8
737 8
738 9
739 10
740 8
741 8
742 6
743 8
744 9
745 6
746 7
747 7
748 5
749 9
750 7
751 8
752 6
753 13
754 10
755 9
756 8
757 14
758 5
759 0
760 3
761 6
762 6
763 6
764 3
765 6
766 7
767 4
768 11
769 6
770 5
771 10
772 8
773 13
774 8
775 7
776 3
777 8
778 6
779 9
780 11
781 9
782 11
783 14
784 9
785 7
786 12
787 10
788 9
789 10
790 9
791 6
792 11
793 9
794 10
795 6
796 8
797 9
798 6
799 7
800 12
801 4
802 5
803 8
804 5
805 5
806 7
807 7
808 10
809 9
810 11
811 12
812 8
813 4
814 7
815 8
816 10
817 8
818 4
819 5
820 10
821 6
822 5
823 9
824 7
825 8
826 11
827 8
828 5
829 10
830 6
831 6
832 5
833 8
834 4
835 8
836 9
837 4
838 3
839 4
840 3
841 3
842 2
843 6
844 3
845 7
846 5
847 4
848 10
849 5
850 12
851 3
852 12
853 10
854 15
855 3
856 5
857 8
858 10
859 8
860 7
861 5
862 8
863 8
864 13
865 10
866 10
867 8
868 6
869 4
870 6
871 9
872 8
873 4
874 6
875 7
876 4
877 8
878 8
879 8
880 5
881 8
882 9
883 9
884 9
885 9
886 3
887 9
888 12
889 6
890 9
891 8
892 8
893 11
894 8
895 11
896 8
897 9
898 10
899 9
900 7
901 9
902 10
903 10
904 9
905 7
906 13
907 6
908 7
909 9
910 10
911 6
912 9
913 4
914 11
915 6
916 11
917 5
918 5
919 10
920 8
921 9
922 6
923 9
924 4
925 3
926 5
927 6
928 6
929 4
930 7
931 6
932 3
933 10
934 8
935 9
936 6
937 10
938 12
939 4
940 7
941 7
942 9
943 9
944 9
945 7
946 10
947 10
948 9
949 7
950 8
951 7
952 4
953 9
954 7
955 8
956 8
957 11
958 4
959 12
960 9
961 13
962 7
963 8
964 6
965 7
966 7
967 13
968 6
969 7
970 10
971 11
972 10
973 7
974 11
975 3
976 5
977 8
978 7
979 4
980 11
981 6
982 6
983 1
984 11
985 7
986 8
987 8
988 14
989 8
990 10
991 7
992 9
993 6
994 8
995 8
996 6
997 10
998 15
999 10
1000 12
1001 5
1002 8
1003 6
1004 6
1005 6
1006 6
1007 5
1008 8
1009 6
1010 12
1011 3
1012 5
1013 11
1014 9
1015 7
1016 7
1017 5
1018 10
1019 9
1020 6
1021 8
1022 12
1023 9
1024 9
1025 3
1026 1
1027 11
1028 6
1029 3
1030 13
1031 10
1032 7
1033 7
1034 6
1035 6
1036 7
1037 10
1038 8
1039 6
1040 8
1041 5
1042 6
1043 4
1044 14
1045 7
1046 8
1047 5
1048 6
1049 7
1050 8
1051 8
1052 5
1053 7
1054 3
1055 12
1056 5
1057 6
1058 7
1059 8
1060 8
1061 11
1062 2
1063 12
1064 13
1065 9
1066 7
1067 9
1068 10
1069 8
1070 12
1071 12
1072 10
1073 7
1074 15
1075 8
1076 9
1077 13
1078 9
1079 9
1080 13
1081 3
1082 10
1083 7
1084 8
1085 7
1086 7
1087 9
1088 5
1089 11
1090 5
1091 3
1092 10
1093 6
1094 5
1095 12
1096 5
1097 8
1098 13
1099 5
1100 8
1101 10
1102 10
1103 6
1104 9
1105 7
1106 9
1107 10
1108 11
1109 8
1110 6
1111 8
1112 4
1113 10
1114 11
1115 11
1116 13
1117 8
1118 7
1119 11
1120 10
1121 9
1122 9
1123 5
1124 9
1125 5
1126 3
1127 8
1128 7
1129 3
1130 10
1131 6
1132 11
1133 5
1134 8
1135 9
1136 12
1137 5
1138 11
1139 7
1140 16
1141 6
1142 7
1143 4
1144 8
1145 4
1146 16
1147 5
1148 9
1149 7
1150 8
1151 10
1152 9
1153 9
1154 6
1155 7
1156 6
1157 4
1158 10
1159 6
1160 4
1161 5
1162 6
1163 9
1164 7
1165 8
1166 14
1167 7
1168 5
1169 7
1170 12
1171 7
1172 12
1173 4
1174 7
1175 9
1176 11
1177 7
1178 8
1179 8
1180 11
1181 13
1182 6
1183 2
1184 12
1185 5
1186 6
1187 9
1188 5
1189 8
1190 8
1191 10
1192 2
1193 11
1194 6
1195 5
1196 7
1197 4
1198 6
1199 11
1200 8
1201 7
1202 8
1203 5
1204 6
1205 1
1206 6
1207 8
1208 12
1209 7
1210 9
1211 3
1212 7
1213 6
1214 8
1215 4
1216 7
1217 7
1218 10
1219 9
1220 8
1221 5
1222 4
1223 8
1224 7
1225 6
1226 8
1227 2
1228 4
1229 6
1230 6
1231 4
1232 5
1233 4
1234 9
1235 12
1236 11
1237 13
1238 2
1239 9
1240 4
1241 6
1242 13
1243 7
1244 6
1245 9
1246 8
1247 10
1248 9
1249 10
1250 2
1251 7
1252 10
1253 14
1254 1
1255 4
1256 12
1257 8
1258 6
1259 7
1260 8
1261 8
1262 8
1263 9
1264 7
1265 8
1266 8
1267 8
1268 5
1269 7
1270 9
1271 11
1272 8
1273 8
1274 5
1275 5
1276 4
1277 4
1278 7
1279 6
1280 5
1281 9
1282 5
1283 3
1284 6
1285 11
1286 11
1287 3
1288 10
1289 12
1290 11
1291 6
1292 4
1293 5
1294 14
1295 11
1296 3
1297 9
1298 7
1299 10
1300 13
1301 9
1302 6
1303 9
1304 6
1305 11
1306 4
1307 4
1308 8
1309 3
1310 9
1311 5
1312 3
1313 6
1314 4
1315 9
1316 11
1317 3
1318 4
1319 8
1320 10
1321 10
1322 6
1323 4
1324 5
1325 9
1326 4
1327 9
1328 5
1329 9
1330 9
1331 10
1332 7
1333 8
1334 8
1335 8
1336 5
1337 9
1338 6
1339 10
1340 7
1341 5
1342 3
1343 8
1344 7
1345 10
1346 7
1347 8
1348 8
1349 4
1350 9
1351 8
1352 3
1353 8
1354 9
1355 7
1356 8
1357 11
1358 6
1359 13
1360 9
1361 14
1362 4
1363 5
1364 9
1365 12
1366 9
1367 8
1368 11
1369 13
1370 9
1371 7
1372 6
1373 8
1374 7
1375 3
1376 9
1377 6
1378 7
1379 9
1380 8
1381 6
1382 7
1383 12
1384 8
1385 7
1386 8
1387 7
1388 10
1389 5
1390 12
1391 6
1392 10
1393 9
1394 5
1395 5
1396 3
1397 6
1398 7
1399 13
1400 7
1401 8
1402 10
1403 8
1404 9
1405 6
1406 5
1407 6
1408 8
1409 6
1410 8
1411 6
1412 13
1413 11
1414 6
1415 17
1416 8
1417 6
1418 4
1419 8
1420 11
1421 9
1422 5
1423 11
1424 8
1425 8
1426 12
1427 9
1428 7
1429 4
1430 11
1431 8
1432 8
1433 9
1434 5
1435 8
1436 9
1437 9
1438 10
1439 9
1440 6
1441 9
1442 6
1443 8
1444 9
1445 4
1446 11
1447 9
1448 6
1449 4
1450 6
1451 3
1452 11
1453 8
1454 4
1455 2
1456 15
1457 5
1458 11
1459 7
1460 7
1461 10
1462 10
1463 8
1464 9
1465 8
1466 12
1467 6
1468 4
1469 10
1470 6
1471 9
1472 7
1473 8
1474 10
1475 8
1476 3
1477 6
1478 6
1479 10
1480 6
1481 6
1482 8
1483 6
1484 12
1485 13
1486 9
1487 5
1488 9
1489 6
1490 10
1491 9
1492 7
1493 6
1494 5
1495 10
1496 4
1497 6
1498 8
1499 9
1500 12
1501 7
1502 7
1503 9
1504 10
1505 10
1506 12
1507 8
1508 10
1509 2
1510 10
1511 10
1512 6
1513 4
1514 6
1515 5
1516 6
1517 8
1518 7
1519 8
1520 6
1521 9
1522 6
1523 4
1524 6
1525 8
1526 9
1527 12
1528 10
1529 5
1530 3
1531 5
1532 14
1533 6
1534 7
1535 7
1536 9
1537 7
1538 3
1539 7
1540 7
1541 9
1542 5
1543 10
1544 10
1545 10
1546 8
1547 10
1548 7
1549 6
1550 7
1551 10
1552 8
1553 5
1554 12
1555 5
1556 6
1557 8
1558 6
1559 15
1560 10
1561 4
1562 6
1563 6
1564 16
1565 12
1566 5
1567 5
1568 10
1569 7
1570 3
1571 9
1572 6
1573 5
1574 4
1575 6
1576 9
1577 8
1578 7
1579 10
1580 7
1581 5
1582 3
1583 7
1584 6
1585 6
1586 6
1587 11
1588 10
1589 5
1590 7
1591 7
1592 10
1593 9
1594 5
1595 8
1596 9
1597 8
1598 7
1599 7
1600 9
1601 10
1602 8
1603 8
1604 12
1605 11
1606 11
1607 12
1608 7
1609 3
1610 11
1611 4
1612 11
1613 4
1614 10
1615 8
1616 7
1617 5
1618 5
1619 10
1620 3
1621 5
1622 2
1623 4
1624 10
1625 8
1626 7
1627 8
1628 7
1629 11
1630 6
1631 9
1632 8
1633 6
1634 8
1635 11
1636 12
1637 12
1638 7
1639 14
1640 3
1641 3
1642 7
1643 6
1644 11
1645 5
1646 9
1647 11
1648 9
1649 5
1650 9
1651 2
1652 3
1653 5
1654 5
1655 3
1656 10
1657 7
1658 6
1659 5
1660 6
1661 12
1662 5
1663 13
1664 9
1665 13
1666 5
1667 9
1668 8
1669 14
1670 12
1671 11
1672 7
1673 10
1674 5
1675 4
1676 6
1677 2
1678 6
1679 7
1680 9
1681 5
1682 8
1683 6
1684 6
1685 8
1686 8
1687 8
1688 10
1689 7
1690 5
1691 11
1692 6
1693 10
1694 5
1695 11
1696 12
1697 6
1698 9
1699 8
1700 13
1701 12
1702 7
1703 14
1704 10
1705 15
1706 4
1707 6
1708 11
1709 10
1710 4
1711 5
1712 8
1713 7
1714 13
1715 8
1716 9
1717 6
1718 12
1719 6
1720 13
1721 5
1722 6
1723 8
1724 9
1725 4
1726 9
1727 15
1728 6
1729 15
1730 11
1731 9
1732 8
1733 9
1734 11
1735 11
1736 8
1737 5
1738 5
1739 6
1740 6
1741 6
1742 4
1743 4
1744 8
1745 14
1746 7
1747 10
1748 5
1749 9
1750 7
1751 10
1752 11
1753 9
1754 3
1755 4
1756 4
1757 8
1758 12
1759 4
1760 12
1761 6
1762 8
1763 7
1764 7
1765 4
1766 11
1767 12
1768 10
1769 13
1770 9
1771 5
1772 6
1773 6
1774 8
1775 9
1776 5
1777 8
1778 4
1779 4
1780 8
1781 6
1782 4
1783 8
1784 3
1785 5
1786 9
1787 5
1788 5
1789 9
1790 11
1791 7
1792 10
1793 9
1794 9
1795 9
1796 11
1797 9
1798 8
1799 7
1800 6
1801 8
1802 7
1803 9
1804 5
1805 6
1806 9
1807 5
1808 6
1809 10
1810 7
1811 6
1812 7
1813 7
1814 10
1815 10
1816 4
1817 7
1818 5
1819 9
1820 9
1821 15
1822 6
1823 8
1824 7
1825 7
1826 7
1827 11
1828 8
1829 5
1830 8
1831 7
1832 5
1833 14
1834 9
1835 7
1836 15
1837 10
1838 5
1839 9
1840 3
1841 6
1842 12
1843 3
1844 12
1845 9
1846 6
1847 7
1848 6
1849 10
1850 12
1851 4
1852 7
1853 7
1854 7
1855 6
1856 5
1857 6
1858 7
1859 12
1860 4
1861 5
1862 3
1863 2
1864 8
1865 5
1866 6
1867 10
1868 8
1869 9
1870 8
1871 10
1872 14
1873 8
1874 5
1875 8
1876 11
1877 4
1878 11
1879 9
1880 7
1881 7
1882 7
1883 8
1884 7
1885 7
1886 8
1887 9
1888 10
1889 5
1890 9
1891 5
1892 8
1893 8
1894 6
1895 8
1896 7
1897 10
1898 11
1899 8
1900 12
1901 6
1902 7
1903 6
1904 5
1905 8
1906 5
1907 7
1908 7
1909 8
1910 9
1911 9
1912 2
1913 7
1914 8
1915 6
1916 8
1917 7
1918 7
1919 5
1920 11
1921 5
1922 9
1923 5
1924 7
1925 8
1926 11
1927 11
1928 13
1929 6
1930 7
1931 5
1932 10
1933 7
1934 8
1935 11
1936 3
1937 5
1938 6
1939 10
1940 6
1941 5
1942 8
1943 8
1944 8
1945 9
1946 8
1947 8
1948 4
1949 6
1950 7
1951 3
1952 6
1953 9
1954 4
1955 10
1956 8
1957 6
1958 7
1959 7
1960 7
1961 2
1962 3
1963 7
1964 7
1965 1
1966 4
1967 8
1968 4
1969 8
1970 5
1971 9
1972 6
1973 8
1974 5
1975 7
1976 7
1977 4
1978 11
1979 11
1980 6
1981 8
1982 3
1983 14
1984 11
1985 9
1986 15
1987 7
1988 5
1989 6
1990 7
1991 6
1992 7
1993 4
1994 7
1995 4
1996 7
1997 12
1998 10
1999 14
2000 9
2001 5
2002 10
2003 5
2004 13
2005 5
2006 9
2007 4
2008 9
2009 5
2010 8
2011 11
2012 8
2013 6
2014 10
2015 10
2016 5
2017 9
2018 4
2019 12
2020 6
2021 9
2022 5
2023 5
2024 8
2025 7
2026 6
2027 2
2028 4
2029 8
2030 14
2031 10
2032 6
2033 6
2034 10
2035 7
2036 5
2037 5
2038 6
2039 4
2040 8
2041 8
2042 10
2043 8
2044 3
2045 6
2046 8
2047 12
2048 10
2049 8
2050 4
2051 7
2052 7
2053 9
2054 8
2055 6
2056 4
2057 6
2058 8
2059 9
2060 9
2061 5
2062 10
2063 7
2064 5
2065 8
2066 11
2067 7
2068 7
2069 9
2070 3
2071 12
2072 8
2073 3
2074 9
2075 5
2076 3
2077 5
2078 13
2079 7
2080 9
2081 6
2082 7
2083 7
2084 5
2085 9
2086 10
2087 12
2088 8
2089 9
2090 7
2091 11
2092 8
2093 10
2094 9
2095 9
2096 7
2097 4
2098 7
2099 3
2100 9
2101 8
2102 3
2103 1
2104 7
2105 15
2106 11
2107 5
2108 8
2109 8
2110 6
2111 7
2112 11
2113 7
2114 4
2115 6
2116 7
2117 6
2118 10
2119 7
2120 8
2121 5
2122 10
2123 10
2124 5
2125 9
2126 5
2127 2
2128 3
2129 8
2130 9
2131 9
2132 7
2133 11
2134 7
2135 5
2136 10
2137 10
2138 8
2139 9
2140 5
2141 8
2142 6
2143 2
2144 6
2145 9
2146 7
2147 6
2148 10
2149 11
2150 10
2151 10
2152 14
2153 9
2154 8
2155 12
2156 4
2157 3
2158 12
2159 7
2160 8
2161 7
2162 8
2163 13
2164 3
2165 7
2166 7
2167 7
2168 10
2169 12
2170 9
2171 5
2172 16
2173 10
2174 6
2175 7
2176 10
2177 9
2178 8
2179 5
2180 8
2181 8
2182 12
2183 10
2184 9
2185 4
2186 6
2187 6
2188 6
2189 5
2190 9
2191 7
2192 8
2193 9
2194 7
2195 8
2196 10
2197 9
2198 12
2199 9
2200 8
2201 2
2202 6
2203 9
2204 8
2205 3
2206 8
2207 12
2208 11
2209 4
2210 3
2211 3
2212 9
2213 7
2214 4
2215 5
2216 9
2217 6
2218 9
2219 5
2220 6
2221 12
2222 8
2223 7
2224 7
2225 16
2226 4
2227 7
2228 5
2229 8
2230 7
2231 7
2232 5
2233 6
2234 7
2235 8
2236 10
2237 10
2238 8
2239 7
2240 6
2241 8
2242 9
2243 5
2244 7
2245 12
2246 10
2247 5
2248 9
2249 6
2250 7
2251 3
2252 6
2253 3
2254 11
2255 8
2256 10
2257 8
2258 10
2259 6
2260 13
2261 11
2262 6
2263 14
2264 5
2265 3
2266 5
2267 4
2268 6
2269 4
2270 5
2271 9
2272 8
2273 7
2274 12
2275 5
2276 4
2277 2
2278 3
2279 6
2280 9
2281 6
2282 16
2283 7
2284 5
2285 6
2286 6
2287 9
2288 12
2289 5
2290 4
2291 11
2292 5
2293 9
2294 3
2295 8
2296 5
2297 7
2298 7
2299 13
2300 7
2301 5
2302 15
2303 10
2304 5
2305 12
2306 7
2307 8
2308 5
2309 8
2310 4
2311 11
2312 7
2313 9
2314 3
2315 2
2316 8
2317 4
2318 9
2319 7
2320 8
2321 11
2322 5
2323 14
2324 5
2325 8
2326 8
2327 5
2328 18
2329 4
2330 6
2331 10
2332 8
2333 5
2334 6
2335 8
2336 5
2337 8
2338 8
2339 10
2340 6
2341 13
2342 6
2343 10
2344 9
2345 5
2346 10
2347 5
2348 5
2349 7
2350 8
2351 14
2352 9
2353 17
2354 6
2355 6
2356 10
2357 8
2358 6
2359 8
2360 10
2361 8
2362 4
2363 8
2364 14
2365 5
2366 5
2367 13
2368 10
2369 9
2370 8
2371 5
2372 7
2373 11
2374 7
2375 5
2376 5
2377 11
2378 6
2379 11
2380 8
2381 7
2382 7
2383 9
2384 11
2385 5
2386 7
2387 8
2388 9
2389 8
2390 5
2391 5
2392 8
2393 6
2394 8
2395 4
2396 7
2397 13
2398 5
2399 9
2400 6
2401 6
2402 8
2403 6
2404 8
2405 7
2406 8
2407 5
2408 11
2409 9
2410 7
2411 5
2412 11
2413 6
2414 8
2415 13
2416 4
2417 6
2418 7
2419 4
2420 5
2421 6
2422 8
2423 10
2424 7
2425 5
2426 13
2427 3
2428 11
2429 6
2430 8
2431 5
2432 9
2433 6
2434 5
2435 13
2436 9
2437 10
2438 9
2439 5
2440 3
2441 7
2442 9
2443 7
2444 9
2445 11
2446 10
2447 6
2448 6
2449 10
2450 9
2451 15
2452 13
2453 4
2454 9
2455 5
2456 7
2457 5
2458 8
2459 6
2460 5
2461 12
2462 10
2463 3
2464 8
2465 8
2466 8
2467 6
2468 12
2469 5
2470 8
2471 5
2472 10
2473 11
2474 4
2475 4
2476 6
2477 12
2478 8
2479 15
2480 11
2481 5
2482 13
2483 10
2484 8
2485 6
2486 6
2487 10
2488 7
2489 3
2490 7
2491 8
2492 10
2493 15
2494 8
2495 10
2496 10
2497 7
2498 6
2499 10
2500 8
2501 11
2502 4
2503 9
2504 12
2505 10
2506 8
2507 8
2508 7
2509 10
2510 10
2511 13
2512 5
2513 7
2514 7
2515 8
2516 10
2517 4
2518 11
2519 6
2520 9
2521 2
2522 12
2523 9
2524 8
2525 12
2526 8
2527 9
2528 6
2529 6
2530 12
2531 7
2532 2
2533 5
2534 7
2535 8
2536 9
2537 12
2538 10
2539 12
2540 2
2541 5
2542 9
2543 12
2544 8
2545 4
2546 4
2547 10
2548 6
2549 9
2550 13
2551 4
2552 15
2553 11
2554 10
2555 10
2556 10
2557 12
2558 6
2559 4
2560 4
2561 14
2562 6
2563 5
2564 8
2565 6
2566 8
2567 6
2568 12
2569 7
2570 2
2571 5
2572 8
2573 7
2574 5
2575 5
2576 6
2577 3
2578 11
2579 9
2580 3
2581 10
2582 9
2583 6
2584 9
2585 7
2586 10
2587 6
2588 12
2589 3
2590 4
2591 8
2592 7
2593 8
2594 13
2595 6
2596 8
2597 6
2598 8
2599 4
2600 10
2601 7
2602 8
2603 8
2604 5
2605 11
2606 5
2607 7
2608 6
2609 5
2610 4
2611 11
2612 14
2613 6
2614 8
2615 12
2616 11
2617 6
2618 9
2619 8
2620 10
2621 11
2622 12
2623 12
2624 7
2625 7
2626 9
2627 5
2628 9
2629 5
2630 2
2631 9
2632 9
2633 11
2634 9
2635 8
2636 10
2637 8
2638 8
2639 4
2640 10
2641 4
2642 10
2643 8
2644 9
2645 6
2646 9
2647 12
2648 11
2649 6
2650 10
2651 7
2652 8
2653 8
2654 7
2655 9
2656 6
2657 7
2658 9
2659 7
2660 10
2661 12
2662 7
2663 4
2664 4
2665 7
2666 7
2667 10
2668 10
2669 14
2670 10
2671 8
2672 14
2673 5
2674 5
2675 8
2676 5
2677 10
2678 6
2679 7
2680 12
2681 14
2682 9
2683 8
2684 8
2685 7
2686 11
2687 4
2688 3
2689 9
2690 11
2691 10
2692 5
2693 12
2694 10
2695 8
2696 7
2697 6
2698 8
2699 10
2700 11
2701 5
2702 13
2703 6
2704 5
2705 9
2706 8
2707 10
2708 4
2709 10
2710 7
2711 5
2712 6
2713 12
2714 7
2715 8
2716 11
2717 6
2718 11
2719 9
2720 9
2721 5
2722 14
2723 9
2724 9
2725 7
2726 10
2727 5
2728 7
2729 10
2730 8
2731 8
2732 11
2733 0
2734 5
2735 7
2736 12
2737 11
2738 1
2739 6
2740 5
2741 9
2742 9
2743 10
2744 14
2745 3
2746 3
2747 8
2748 9
2749 5
2750 9
2751 4
2752 6
2753 4
2754 7
2755 4
2756 5
2757 3
2758 4
2759 8
2760 9
2761 9
2762 3
2763 10
2764 8
2765 6
2766 8
2767 6
2768 4
2769 6
2770 3
2771 8
2772 6
2773 8
2774 7
2775 7
2776 7
2777 9
2778 7
2779 5
2780 11
2781 7
2782 10
2783 11
2784 8
2785 4
2786 9
2787 3
2788 7
2789 8
2790 8
2791 8
2792 15
2793 10
2794 7
2795 5
2796 8
2797 4
2798 11
2799 7
2800 12
2801 6
2802 8
2803 5
2804 7
2805 5
2806 8
2807 6
2808 10
2809 7
2810 7
2811 4
2812 9
2813 6
2814 8
2815 8
2816 7
2817 6
2818 8
2819 11
2820 6
2821 6
2822 13
2823 10
2824 7
2825 15
2826 11
2827 11
2828 7
2829 5
2830 8
2831 7
2832 4
2833 7
2834 5
2835 3
2836 6
2837 5
2838 10
2839 2
2840 4
2841 5
2842 4
2843 7
2844 5
2845 5
2846 4
2847 5
2848 7
2849 3
2850 10
2851 9
2852 8
2853 5
2854 6
2855 10
2856 7
2857 4
2858 11
2859 8
2860 11
2861 3
2862 7
2863 8
2864 7
2865 5
2866 9
2867 5
2868 5
2869 6
2870 7
2871 9
2872 5
2873 9
2874 6
2875 9
2876 8
2877 10
2878 5
2879 10
2880 4
2881 11
2882 7
2883 9
2884 7
2885 19
2886 14
2887 5
2888 5
2889 11
2890 3
2891 9
2892 11
2893 9
2894 3
2895 5
2896 10
2897 8
2898 10
2899 10
2900 7
2901 6
2902 11
2903 8
2904 10
2905 7
2906 9
2907 5
2908 9
2909 8
2910 4
2911 13
2912 10
2913 5
2914 13
2915 10
2916 10
2917 8
2918 7
2919 7
2920 7
2921 2
2922 7
2923 7
2924 11
2925 8
2926 2
2927 9
2928 10
2929 7
2930 3
2931 3
2932 8
2933 11
2934 12
2935 10
2936 5
2937 6
2938 4
2939 5
2940 9
2941 7
2942 7
2943 10
2944 8
2945 12
2946 6
2947 5
2948 4
2949 7
2950 9
2951 5
2952 8
2953 7
2954 6
2955 7
2956 6
2957 8
2958 5
2959 8
2960 8
2961 8
2962 6
2963 3
2964 9
2965 7
2966 6
2967 8
2968 7
2969 4
2970 8
2971 8
2972 8
2973 7
2974 5
2975 7
2976 7
2977 9
2978 3
2979 5
2980 2
2981 5
2982 11
2983 6
2984 6
2985 5
2986 11
2987 12
2988 6
2989 3
2990 7
2991 8
2992 7
2993 7
2994 3
2995 7
2996 7
2997 8
2998 5
2999 4
3000 5
3001 5
3002 11
3003 11
3004 5
3005 11
3006 8
3007 10
3008 8
3009 9
3010 7
3011 8
3012 9
3013 5
3014 3
3015 7
3016 7
3017 9
3018 8
3019 7
3020 3
3021 7
3022 4
3023 12
3024 6
3025 11
3026 11
3027 7
3028 9
3029 6
3030 3
3031 6
3032 6
3033 6
3034 8
3035 8
3036 5
3037 9
3038 9
3039 5
3040 5
3041 7
3042 9
3043 14
3044 7
3045 7
3046 5
3047 9
3048 7
3049 10
3050 5
3051 5
3052 7
3053 9
3054 9
3055 3
3056 8
3057 8
3058 10
3059 12
3060 5
3061 8
3062 10
3063 2
3064 11
3065 9
3066 5
3067 10
3068 8
3069 12
3070 10
3071 5
3072 7
3073 9
3074 8
3075 7
3076 5
3077 8
3078 6
3079 12
3080 9
3081 5
3082 12
3083 5
3084 11
3085 9
3086 9
3087 4
3088 10
3089 7
3090 8
3091 9
3092 3
3093 6
3094 4
3095 10
3096 4
3097 6
3098 11
3099 10
3100 8
3101 10
3102 7
3103 3
3104 4
3105 10
3106 11
3107 11
3108 6
3109 9
3110 10
3111 5
3112 7
3113 8
3114 6
3115 5
3116 6
3117 10
3118 11
3119 6
3120 8
3121 8
3122 9
3123 8
3124 10
3125 5
3126 5
3127 6
3128 8
3129 10
3130 10
3131 11
3132 5
3133 16
3134 7
3135 7
3136 3
3137 8
3138 7
3139 11
3140 5
3141 10
3142 8
3143 9
3144 9
3145 7
3146 11
3147 7
3148 9
3149 10
3150 7
3151 2
3152 7
3153 9
3154 6
3155 8
3156 8
3157 8
3158 7
3159 6
3160 6
3161 11
3162 10
3163 6
3164 9
3165 6
3166 10
3167 5
3168 9
3169 10
3170 6
3171 4
3172 13
3173 7
3174 9
3175 4
3176 8
3177 6
3178 5
3179 10
3180 6
3181 10
3182 4
3183 5
3184 4
3185 8
3186 9
3187 7
3188 8
3189 4
3190 4
3191 3
3192 8
3193 9
3194 9
3195 9
3196 4
3197 9
3198 9
3199 10
3200 6
3201 4
3202 8
3203 10
3204 7
3205 4
3206 9
3207 4
3208 9
3209 10
3210 8
3211 11
3212 10
3213 10
3214 7
3215 14
3216 4
3217 8
3218 13
3219 4
3220 9
3221 4
3222 10
3223 6
3224 8
3225 3
3226 8
3227 7
3228 1
3229 5
3230 6
3231 7
3232 8
3233 10
3234 5
3235 7
3236 8
3237 6
3238 7
3239 9
3240 17
3241 5
3242 5
3243 7
3244 10
3245 6
3246 8
3247 11
3248 6
3249 10
3250 6
3251 7
3252 13
3253 5
3254 5
3255 9
3256 7
3257 7
3258 7
3259 7
3260 4
3261 9
3262 12
3263 10
3264 5
3265 9
3266 10
3267 8
3268 9
3269 9
3270 6
3271 11
3272 7
3273 6
3274 8
3275 12
3276 7
3277 6
3278 8
3279 8
3280 6
3281 9
3282 6
3283 8
3284 2
3285 6
3286 6
3287 12
3288 11
3289 8
3290 11
3291 10
3292 9
3293 3
3294 10
3295 13
3296 9
3297 2
3298 7
3299 5
3300 10
3301 3
3302 5
3303 11
3304 5
3305 9
3306 2
3307 11
3308 6
3309 3
3310 12
3311 4
3312 6
3313 5
3314 13
3315 13
3316 4
3317 11
3318 8
3319 8
3320 9
3321 6
3322 2
3323 6
3324 5
3325 8
3326 11
3327 8
3328 10
3329 6
3330 6
3331 9
3332 9
3333 10
3334 11
3335 13
3336 9
3337 6
3338 7
3339 9
3340 8
3341 10
3342 12
3343 11
3344 9
3345 11
3346 10
3347 11
3348 8
3349 7
3350 7
3351 6
3352 12
3353 7
3354 9
3355 7
3356 16
3357 5
3358 3
3359 5
3360 7
3361 10
3362 9
3363 5
3364 7
3365 4
3366 6
3367 8
3368 3
3369 11
3370 4
3371 6
3372 11
3373 7
3374 7
3375 6
3376 12
3377 8
3378 13
3379 6
3380 10
3381 7
3382 8
3383 8
3384 6
3385 12
3386 13
3387 7
3388 9
3389 3
3390 8
3391 10
3392 10
3393 10
3394 9
3395 11
3396 7
3397 4
3398 8
3399 15
3400 9
3401 12
3402 8
3403 8
3404 6
3405 7
3406 2
3407 7
3408 9
3409 11
3410 8
3411 5
3412 5
3413 4
3414 8
3415 8
3416 7
3417 8
3418 6
3419 9
3420 10
3421 7
3422 7
3423 7
3424 5
3425 7
3426 5
3427 8
3428 8
3429 9
3430 11
3431 6
3432 7
3433 5
3434 6
3435 10
3436 7
3437 8
3438 8
3439 10
3440 5
3441 3
3442 11
3443 8
3444 9
3445 9
3446 13
3447 3
3448 15
3449 5
3450 12
3451 8
3452 4
3453 6
3454 7
3455 10
3456 13
3457 5
3458 8
3459 6
3460 7
3461 11
3462 7
3463 9
3464 8
3465 16
3466 11
3467 10
3468 8
3469 7
3470 12
3471 11
3472 10
3473 9
3474 9
3475 8
3476 10
3477 13
3478 13
3479 11
3480 6
3481 8
3482 8
3483 7
3484 9
3485 5
3486 12
3487 5
3488 12
3489 6
3490 14
3491 10
3492 7
3493 5
3494 8
3495 5
3496 13
3497 8
3498 6
3499 5
3500 6
3501 7
3502 5
3503 5
3504 9
3505 6
3506 8
3507 9
3508 5
3509 7
3510 2
3511 5
3512 7
3513 12
3514 6
3515 9
3516 7
3517 10
3518 6
3519 10
3520 9
3521 5
3522 4
3523 6
3524 11
3525 2
3526 5
3527 5
3528 11
3529 6
3530 8
3531 10
3532 4
3533 10
3534 8
3535 7
3536 7
3537 8
3538 10
3539 6
3540 6
3541 4
3542 7
3543 4
3544 6
3545 6
3546 9
3547 8
3548 11
3549 6
3550 7
3551 11
3552 7
3553 9
3554 9
3555 11
3556 9
3557 8
3558 12
3559 10
3560 11
3561 10
3562 9
3563 15
3564 6
3565 13
3566 7
3567 9
3568 7
3569 17
3570 11
