0 9
1 10
2 7
3 6
4 8
5 7
6 8
7 8
8 5
9 8
10 5
11 7
12 4
13 4
14 5
15 5
16 10
17 4
18 3
19 7
20 7
21 7
22 5
23 11
24 8
25 9
26 9
27 7
28 9
29 8
30 13
31 7
32 11
33 7
34 10
35 8
36 6
37 6
38 4
39 7
40 11
41 10
42 10
43 5
44 8
45 13
46 11
47 7
48 4
49 4
50 10
51 13
52 5
53 5
54 11
55 8
56 5
57 10
58 9
59 8
60 6
61 7
62 6
63 12
64 11
65 6
66 10
67 7
68 2
69 8
70 13
71 3
72 8
73 11
74 6
75 12
76 15
77 5
78 9
79 8
80 9
81 7
82 11
83 3
84 5
85 9
86 5
87 6
88 7
89 13
90 10
91 9
92 10
93 9
94 10
95 9
96 11
97 4
98 5
99 3
100 5
101 5
102 12
103 7
104 8
105 10
106 7
107 6
108 9
109 8
110 11
111 7
112 8
113 2
114 9
115 11
116 7
117 5
118 7
119 5
120 2
121 7
122 9
123 12
124 4
125 10
126 8
127 12
128 11
129 4
130 7
131 8
132 6
133 9
134 9
135 8
136 7
137 4
138 9
139 3
140 7
141 9
142 11
143 9
144 2
145 6
146 6
147 8
148 4
149 5
150 4
151 11
152 6
153 7
154 10
155 7
156 4
157 5
158 4
159 18
160 11
161 10
162 7
163 11
164 6
165 7
166 8
167 5
168 7
169 5
170 8
171 6
172 6
173 6
174 5
175 6
176 5
177 6
178 9
179 8
180 4
181 10
182 7
183 4
184 4
185 8
186 4
187 8
188 10
189 10
190 5
191 4
192 6
193 8
194 6
195 8
196 14
197 10
198 10
199 7
200 8
201 9
202 16
203 7
204 1
205 7
206 11
207 15
208 10
209 15
210 7
211 8
212 9
213 16
214 6
215 9
216 14
217 5
218 8
219 11
220 3
221 7
222 9
223 7
224 11
225 6
226 6
227 6
228 8
229 5
230 13
231 9
232 7
233 16
234 7
235 8
236 11
237 7
238 5
239 3
240 12
241 7
242 10
243 14
244 7
245 9
246 7
247 9
248 2
249 9
250 5
251 8
252 9
253 5
254 7
255 6
256 5
257 3
258 15
259 6
260 6
261 8
262 12
263 10
264 5
265 9
266 12
267 12
268 5
269 14
270 9
271 5
272 6
273 11
274 8
275 3
276 6
277 9
278 14
279 8
280 0
281 8
282 4
283 9
284 7
285 10
286 15
287 9
288 6
289 6
290 6
291 10
292 9
293 3
294 7
295 9
296 8
297 1
298 5
299 10
300 12
301 5
302 7
303 8
304 11
305 11
306 8
307 8
308 7
309 6
310 12
311 6
312 3
313 5
314 5
315 10
316 8
317 8
318 10
319 10
320 12
321 8
322 6
323 5
324 4
325 6
326 7
327 8
328 13
329 8
330 12
331 5
332 9
333 12
334 6
335 11
336 9
337 11
338 6
339 10
340 3
341 9
342 9
343 15
344 5
345 7
346 8
347 11
348 9
349 4
350 7
351 3
352 9
353 8
354 12
355 6
356 7
357 9
358 15
359 8
360 7
361 5
362 3
363 11
364 10
365 12
366 9
367 11
368 6
369 6
370 6
371 8
372 3
373 3
374 5
375 8
376 2
377 9
378 7
379 10
380 5
381 6
382 7
383 4
384 11
385 9
386 8
387 11
388 8
389 10
390 5
391 13
392 6
393 6
394 7
395 8
396 10
397 6
398 5
399 9
400 3
401 5
402 4
403 9
404 6
405 9
406 6
407 11
408 7
409 14
410 9
411 5
412 8
413 7
414 8
415 7
416 11
417 8
418 6
419 4
420 14
421 8
422 6
423 6
424 10
425 5
426 3
427 6
428 11
429 5
430 7
431 4
432 5
433 7
434 7
435 11
436 7
437 10
438 8
439 6
440 5
441 4
442 9
443 11
444 10
445 9
446 12
447 10
448 8
449 7
450 6
451 9
452 2
453 6
454 11
455 12
456 11
457 8
458 7
459 5
460 1
461 7
462 5
463 7
464 7
465 2
466 6
467 14
468 8
469 8
470 10
471 7
472 4
473 2
474 8
475 10
476 9
477 9
478 7
479 9
480 3
481 5
482 7
483 6
484 3
485 7
486 9
487 10
488 6
489 6
490 5
491 7
492 5
493 7
494 7
495 9
496 8
497 7
498 9
499 6
500 9
501 6
502 8
503 9
504 7
505 8
506 7
507 8
508 8
509 6
510 11
511 10
512 2
513 6
514 10
515 2
516 1
517 10
518 4
519 8
520 6
521 8
522 4
523 9
524 6
525 7
526 1
527 10
528 7
529 2
530 7
531 8
532 9
533 4
534 12
535 5
536 3
537 8
538 6
539 3
540 12
541 6
542 9
543 11
544 5
545 9
546 5
547 10
548 6
549 6
550 9
551 6
552 10
553 10
554 9
555 6
556 7
557 9
558 8
559 2
560 4
561 9
562 10
563 4
564 9
565 9
566 5
567 11
568 7
569 9
570 12
571 8
572 1
573 6
574 6
575 7
576 9
577 8
578 6
579 9
580 9
581 11
582 8
583 4
584 13
585 13
586 3
587 10
588 9
589 9
590 8
591 14
592 11
593 8
594 6
595 6
596 6
597 8
598 3
599 9
600 7
601 9
602 14
603 5
604 2
605 3
606 5
607 10
608 8
609 7
610 7
611 5
612 10
613 8
614 5
615 14
616 7
617 3
618 4
619 9
620 3
621 12
622 8
623 6
624 6
625 6
626 5
627 12
628 5
629 7
630 8
631 5
632 10
633 10
634 6
635 7
636 8
637 3
638 6
639 10
640 9
641 9
642 12
643 10
644 7
645 7
646 4
647 10
648 7
649 8
650 2
651 11
652 7
653 8
654 11
655 8
656 11
657 8
658 12
659 9
660 6
661 8
662 13
663 12
664 8
665 7
666 7
667 14
668 8
669 10
670 14
671 8
672 5
673 9
674 8
675 8
676 8
677 8
678 5
679 9
680 4
681 7
682 11
683 11
684 11
685 5
686 7
687 5
688 5
689 16
690 5
691 10
692 6
693 6
694 8
695 11
696 10
697 4
698 3
699 11
700 8
701 10
702 10
703 7
704 11
705 8
706 11
707 12
708 6
709 6
710 8
711 8
712 8
713 5
714 11
715 5
716 8
717 6
718 9
719 8
720 4
721 7
722 8
723 4
724 6
725 7
726 6
727 5
728 9
729 7
730 6
731 12
732 4
733 10
734 7
735 6
736 9
737 9
738 9
739 6
740 3
741 13
742 8
743 6
744 7
745 2
746 4
747 9
748 5
749 10
750 9
751 3
752 14
753 3
754 11
755 7
756 9
757 9
758 3
759 11
760 10
761 14
762 6
763 11
764 9
765 6
766 4
767 3
768 7
769 10
770 7
771 6
772 9
773 9
774 9
775 8
776 8
777 8
778 11
779 9
780 7
781 12
782 15
783 8
784 11
785 7
786 13
787 8
788 5
789 8
790 7
791 12
792 10
793 3
794 8
795 10
796 9
797 7
798 4
799 10
800 10
801 8
802 8
803 4
804 8
805 9
806 10
807 10
808 9
809 9
810 8
811 8
812 6
813 13
814 6
815 7
816 6
817 8
818 7
819 3
820 7
821 8
822 8
823 9
824 4
825 2
826 3
827 7
828 9
829 7
830 7
831 5
832 8
833 13
834 5
835 13
836 6
837 7
838 11
839 10
840 7
841 5
842 8
843 12
844 7
845 5
846 7
847 15
848 7
849 10
850 3
851 3
852 9
853 10
854 7
855 11
856 10
857 10
858 8
859 10
860 4
861 8
862 11
863 9
864 7
865 3
866 8
867 7
868 10
869 11
870 7
871 6
872 10
873 6
874 3
875 5
876 5
877 4
878 6
879 7
880 8
881 10
882 7
883 10
884 12
885 4
886 7
887 3
888 12
889 8
890 8
891 8
892 6
893 6
894 14
895 9
896 8
897 6
898 6
899 7
900 10
901 9
902 12
903 5
904 8
905 8
906 6
907 11
908 11
909 11
910 3
911 5
912 9
913 8
914 7
915 8
916 7
917 6
918 6
919 7
920 7
921 4
922 12
923 10
924 5
925 7
926 6
927 3
928 9
929 13
930 7
931 4
932 12
933 9
934 8
935 6
936 10
937 4
938 7
939 9
940 5
941 6
942 14
943 5
944 13
945 11
946 5
947 8
948 7
949 5
950 8
951 12
952 7
953 9
954 8
955 14
956 5
957 14
958 6
959 7
960 10
961 14
962 10
963 6
964 4
965 5
966 8
967 7
968 5
969 4
970 7
971 9
972 10
973 8
974 8
975 6
976 8
977 3
978 12
979 12
980 11
981 11
982 8
983 7
984 9
985 6
986 7
987 11
988 10
989 9
990 9
991 8
992 9
993 2
994 6
995 3
996 9
997 9
998 4
999 9
1000 9
1001 9
1002 3
1003 8
1004 8
1005 11
1006 7
1007 10
1008 11
1009 8
1010 7
1011 5
1012 12
1013 6
1014 7
1015 11
1016 4
1017 10
1018 2
1019 6
1020 7
1021 7
1022 8
1023 8
1024 9
1025 13
1026 7
1027 10
1028 11
1029 2
1030 7
1031 6
1032 8
1033 12
1034 5
1035 7
1036 6
1037 6
1038 9
1039 9
1040 8
1041 5
1042 18
1043 18
1044 4
1045 9
1046 10
1047 10
1048 4
1049 6
1050 8
1051 10
1052 7
1053 12
1054 10
1055 10
1056 7
1057 6
1058 9
1059 5
1060 7
1061 9
1062 6
1063 11
1064 9
1065 6
1066 6
1067 8
1068 8
1069 7
1070 8
1071 1
1072 5
1073 7
1074 9
1075 5
1076 11
1077 13
1078 4
1079 8
1080 8
1081 8
1082 8
1083 8
1084 5
1085 11
1086 10
1087 9
1088 6
1089 9
1090 10
1091 3
1092 2
1093 8
1094 13
1095 6
1096 7
1097 9
1098 5
1099 3
1100 13
1101 10
1102 7
1103 9
1104 8
1105 8
1106 2
1107 6
1108 10
1109 12
1110 11
1111 7
1112 7
1113 8
1114 10
1115 7
1116 12
1117 6
1118 6
1119 7
1120 9
1121 5
1122 8
1123 9
1124 8
1125 10
1126 10
1127 7
1128 7
1129 11
1130 12
1131 3
1132 9
1133 14
1134 9
1135 11
1136 8
1137 9
1138 5
1139 11
1140 6
1141 5
1142 8
1143 5
1144 5
1145 10
1146 5
1147 9
1148 13
1149 11
1150 4
1151 14
1152 7
1153 8
1154 2
1155 5
1156 10
1157 6
1158 10
1159 5
1160 7
1161 3
1162 10
1163 6
1164 9
1165 5
1166 12
1167 12
1168 1
1169 7
1170 10
1171 5
1172 9
1173 7
1174 8
1175 9
1176 7
1177 8
1178 10
1179 12
1180 5
1181 4
1182 13
1183 7
1184 8
1185 5
1186 6
1187 8
1188 10
1189 13
1190 10
1191 3
1192 16
1193 14
1194 9
1195 8
1196 3
1197 5
1198 7
1199 9
1200 5
1201 2
1202 10
1203 11
1204 10
1205 9
1206 4
1207 8
1208 9
1209 10
1210 7
1211 11
1212 17
1213 13
1214 7
1215 11
1216 12
1217 7
1218 3
1219 5
1220 6
1221 8
1222 7
1223 10
1224 6
1225 6
1226 10
1227 12
1228 7
1229 5
1230 6
1231 7
1232 6
1233 9
1234 4
1235 7
1236 11
1237 4
1238 8
1239 4
1240 7
1241 6
1242 7
1243 11
1244 7
1245 6
1246 10
1247 11
1248 7
1249 8
1250 8
1251 9
1252 9
1253 9
1254 9
1255 10
1256 9
1257 7
1258 5
1259 14
1260 11
1261 8
1262 7
1263 9
1264 14
1265 5
1266 13
1267 6
1268 5
1269 10
1270 12
1271 7
1272 8
1273 10
1274 7
1275 5
1276 7
1277 11
1278 10
1279 9
1280 9
1281 8
1282 5
1283 4
1284 11
1285 8
1286 14
1287 4
1288 11
1289 10
1290 8
1291 9
1292 4
1293 9
1294 12
1295 6
1296 11
1297 6
1298 5
1299 4
1300 6
1301 8
1302 10
1303 8
1304 13
1305 5
1306 7
1307 5
1308 6
1309 6
1310 1
1311 6
1312 5
1313 5
1314 3
1315 6
1316 11
1317 7
1318 6
1319 10
1320 6
1321 12
1322 10
1323 6
1324 9
1325 8
1326 8
1327 16
1328 11
1329 11
1330 11
1331 3
1332 11
1333 7
1334 9
1335 8
1336 13
1337 13
1338 9
1339 9
1340 6
1341 10
1342 9
1343 7
1344 7
1345 9
1346 18
1347 9
1348 7
1349 8
1350 8
1351 8
1352 11
1353 5
1354 12
1355 8
1356 7
1357 10
1358 5
1359 6
1360 10
1361 12
1362 7
1363 8
1364 10
1365 9
1366 5
1367 9
1368 11
1369 7
1370 10
1371 8
1372 10
1373 9
1374 11
1375 6
1376 7
1377 7
1378 10
1379 8
1380 4
1381 4
1382 5
1383 7
1384 6
1385 5
1386 5
1387 7
1388 3
1389 8
1390 4
1391 9
1392 7
1393 6
1394 9
1395 9
1396 6
1397 6
1398 6
1399 8
1400 7
1401 5
1402 5
1403 8
1404 11
1405 2
1406 8
1407 9
1408 8
1409 8
1410 10
1411 9
1412 11
1413 6
1414 8
1415 9
1416 9
1417 6
1418 8
1419 6
1420 5
1421 2
1422 4
1423 6
1424 8
1425 6
1426 5
1427 5
1428 5
1429 6
1430 5
1431 5
1432 7
1433 13
1434 4
1435 6
1436 6
1437 14
1438 9
1439 9
1440 12
1441 10
1442 12
1443 5
1444 13
1445 6
1446 5
1447 12
1448 10
1449 7
1450 6
1451 11
1452 9
1453 7
1454 9
1455 4
1456 7
1457 5
1458 3
1459 8
1460 6
1461 9
1462 12
1463 8
1464 8
1465 8
1466 13
1467 7
1468 8
1469 7
1470 9
1471 9
1472 8
1473 11
1474 8
1475 8
1476 8
1477 6
1478 15
1479 6
1480 9
1481 11
1482 7
1483 8
1484 9
1485 5
1486 5
1487 5
1488 8
1489 7
1490 7
1491 5
1492 2
1493 2
1494 8
1495 7
1496 7
1497 7
1498 7
1499 7
1500 8
1501 10
1502 7
1503 7
1504 7
1505 10
1506 3
1507 5
1508 3
1509 4
1510 4
1511 4
1512 8
1513 6
1514 7
1515 5
1516 13
1517 11
1518 9
1519 10
1520 8
1521 7
1522 8
1523 3
1524 9
1525 8
1526 10
1527 6
1528 4
1529 4
1530 9
1531 10
1532 5
1533 10
1534 7
1535 8
1536 6
1537 7
1538 5
1539 2
1540 3
1541 5
1542 7
1543 5
1544 4
1545 13
1546 9
1547 7
1548 9
1549 7
1550 8
1551 12
1552 10
1553 5
1554 8
1555 7
1556 5
1557 8
1558 7
1559 7
1560 3
1561 6
1562 8
1563 6
1564 14
1565 9
1566 9
1567 14
1568 11
1569 6
1570 5
1571 6
1572 6
1573 11
1574 8
1575 5
1576 5
1577 8
1578 6
1579 10
1580 6
1581 8
1582 3
1583 11
1584 4
1585 4
1586 9
1587 13
1588 8
1589 9
1590 8
1591 8
1592 10
1593 9
1594 11
1595 7
1596 6
1597 7
1598 3
1599 8
1600 8
1601 6
1602 7
1603 9
1604 10
1605 6
1606 4
1607 7
1608 8
1609 9
1610 7
1611 7
1612 11
1613 7
1614 9
1615 11
1616 8
1617 9
1618 11
1619 7
1620 6
1621 5
1622 3
1623 8
1624 5
1625 13
1626 9
1627 2
1628 10
1629 6
1630 11
1631 12
1632 6
1633 4
1634 9
1635 11
1636 6
1637 3
1638 10
1639 8
1640 8
1641 9
1642 6
1643 8
1644 9
1645 8
1646 6
1647 12
1648 6
1649 9
1650 13
1651 5
1652 13
1653 8
1654 9
1655 11
1656 10
1657 7
1658 5
1659 7
1660 7
1661 4
1662 10
1663 10
1664 9
1665 9
1666 4
1667 5
1668 14
1669 10
1670 7
1671 3
1672 5
1673 12
1674 5
1675 8
1676 8
1677 6
1678 7
1679 3
1680 6
1681 7
1682 10
1683 4
1684 16
1685 9
1686 6
1687 6
1688 6
1689 3
1690 4
1691 6
1692 3
1693 12
1694 4
1695 4
1696 9
1697 10
1698 4
1699 5
1700 6
1701 7
1702 6
1703 11
1704 7
1705 4
1706 5
1707 5
1708 7
1709 11
1710 11
1711 8
1712 3
1713 7
1714 8
1715 8
1716 7
1717 7
1718 10
1719 7
1720 11
1721 6
1722 11
1723 15
1724 9
1725 7
1726 6
1727 9
1728 11
1729 7
1730 7
1731 11
1732 5
1733 10
1734 13
1735 7
1736 9
1737 12
1738 15
1739 3
1740 8
1741 8
1742 5
1743 4
1744 4
1745 5
1746 8
1747 6
1748 5
1749 10
1750 2
1751 5
1752 7
1753 11
1754 5
1755 8
1756 13
1757 8
1758 8
1759 8
1760 11
1761 7
1762 5
1763 7
1764 3
1765 11
1766 12
1767 4
1768 7
1769 9
1770 8
1771 10
1772 15
1773 1
1774 9
1775 5
1776 13
1777 8
1778 7
1779 5
1780 9
1781 6
1782 7
1783 4
1784 10
1785 10
1786 6
1787 11
1788 6
1789 11
1790 9
1791 4
1792 9
1793 8
1794 10
1795 8
1796 11
1797 3
1798 7
1799 8
1800 7
1801 7
1802 2
1803 4
1804 6
1805 7
1806 4
1807 8
1808 13
1809 12
1810 7
1811 5
1812 3
1813 6
1814 5
1815 5
1816 10
1817 4
1818 3
1819 10
1820 6
1821 10
1822 8
1823 9
1824 13
1825 4
1826 10
1827 6
1828 4
1829 11
1830 9
1831 10
1832 11
1833 6
1834 9
1835 8
1836 4
1837 6
1838 11
1839 13
1840 10
1841 8
1842 7
1843 5
1844 10
1845 9
1846 10
1847 7
1848 10
1849 7
1850 10
1851 7
1852 6
1853 6
1854 9
1855 11
1856 3
1857 8
1858 8
1859 8
1860 11
1861 12
1862 7
1863 7
1864 9
1865 9
1866 13
1867 9
1868 5
1869 8
1870 6
1871 4
1872 12
1873 8
1874 6
1875 10
1876 7
1877 8
1878 9
1879 9
1880 6
1881 10
1882 11
1883 7
1884 11
1885 5
1886 10
1887 15
1888 8
1889 7
1890 3
1891 8
1892 5
1893 5
1894 8
1895 2
1896 10
1897 7
1898 6
1899 9
1900 8
1901 10
1902 12
1903 5
1904 10
1905 8
1906 6
1907 7
1908 8
1909 9
1910 10
1911 13
1912 9
1913 9
1914 8
1915 12
1916 8
1917 7
1918 10
1919 7
1920 4
1921 10
1922 11
1923 11
1924 5
1925 4
1926 8
1927 6
1928 9
1929 6
1930 9
1931 10
1932 4
1933 6
1934 2
1935 6
1936 6
1937 13
1938 10
1939 6
1940 9
1941 8
1942 11
1943 1
1944 9
1945 10
1946 8
1947 11
1948 7
1949 10
1950 4
1951 11
1952 6
1953 9
1954 7
1955 14
1956 9
1957 8
1958 4
1959 11
1960 7
1961 7
1962 7
1963 6
1964 4
1965 8
1966 5
1967 8
1968 5
1969 10
1970 4
1971 3
1972 4
1973 6
1974 8
1975 6
1976 10
1977 8
1978 10
1979 8
1980 10
1981 6
1982 7
1983 8
1984 7
1985 7
1986 11
1987 5
1988 6
1989 6
1990 8
1991 9
1992 5
1993 6
1994 6
1995 5
1996 6
1997 8
1998 8
1999 6
2000 9
2001 8
2002 6
2003 9
2004 10
2005 8
2006 7
2007 6
2008 10
2009 7
2010 7
2011 7
2012 8
2013 14
2014 9
2015 7
2016 9
2017 4
2018 4
2019 14
2020 9
2021 6
2022 7
2023 7
2024 8
2025 7
2026 6
2027 14
2028 5
2029 12
2030 9
2031 6
2032 10
2033 8
2034 6
2035 5
2036 4
2037 5
2038 7
2039 10
2040 8
2041 10
2042 7
2043 8
2044 6
2045 6
2046 8
2047 7
2048 7
2049 8
2050 10
2051 6
2052 2
2053 4
2054 7
2055 3
2056 10
2057 7
2058 5
2059 10
2060 3
2061 8
2062 12
2063 11
2064 3
2065 2
2066 9
2067 9
2068 5
2069 10
2070 3
2071 8
2072 8
2073 14
2074 6
2075 9
2076 6
2077 10
2078 8
2079 7
2080 6
2081 9
2082 11
2083 10
2084 9
2085 6
2086 4
2087 2
2088 6
2089 3
2090 7
2091 5
2092 7
2093 7
2094 5
2095 5
2096 5
2097 8
2098 14
2099 10
2100 7
2101 6
2102 7
2103 11
2104 5
2105 10
2106 11
2107 9
2108 8
2109 5
2110 10
2111 3
2112 3
2113 8
2114 6
2115 10
2116 10
2117 11
2118 12
2119 7
2120 9
2121 5
2122 10
2123 9
2124 4
2125 5
2126 13
2127 10
2128 6
2129 8
2130 6
2131 11
2132 6
2133 5
2134 5
2135 8
2136 9
2137 12
2138 10
2139 6
2140 5
2141 11
2142 6
2143 9
2144 12
2145 7
2146 9
2147 5
2148 9
2149 4
2150 10
2151 3
2152 4
2153 9
2154 6
2155 5
2156 7
2157 8
2158 5
2159 9
2160 12
2161 9
2162 6
2163 7
2164 11
2165 6
2166 12
2167 11
2168 7
2169 3
2170 6
2171 12
2172 8
2173 9
2174 10
2175 5
2176 3
2177 7
2178 5
2179 7
2180 7
2181 7
2182 2
2183 7
2184 14
2185 9
2186 2
2187 8
2188 3
2189 9
2190 9
2191 13
2192 8
2193 3
2194 13
2195 6
2196 5
2197 11
2198 9
2199 8
2200 5
2201 6
2202 11
2203 5
2204 14
2205 4
2206 7
2207 9
2208 7
2209 12
2210 4
2211 11
2212 3
2213 11
2214 7
2215 8
2216 6
2217 14
2218 8
2219 5
2220 9
2221 5
2222 5
2223 3
2224 8
2225 8
2226 3
2227 6
2228 8
2229 10
2230 9
2231 8
2232 6
2233 6
2234 5
2235 10
2236 8
2237 9
2238 7
2239 6
2240 7
2241 15
2242 6
2243 5
2244 6
2245 10
2246 5
2247 5
2248 8
2249 2
2250 5
2251 7
2252 8
2253 5
2254 6
2255 7
2256 11
2257 6
2258 9
2259 8
2260 8
2261 10
2262 7
2263 8
2264 8
2265 10
2266 7
2267 14
2268 11
2269 7
2270 3
2271 10
2272 7
2273 15
2274 7
2275 7
2276 6
2277 8
2278 11
2279 5
2280 10
2281 6
2282 6
2283 11
2284 14
2285 6
2286 9
2287 2
2288 11
2289 5
2290 13
2291 4
2292 4
2293 3
2294 7
2295 7
2296 14
2297 6
2298 8
2299 6
2300 8
2301 10
2302 8
2303 10
2304 8
2305 16
2306 14
2307 9
2308 6
2309 8
2310 7
2311 5
2312 7
2313 6
2314 2
2315 7
2316 9
2317 7
2318 9
2319 9
2320 3
2321 6
2322 7
2323 9
2324 7
2325 8
2326 7
2327 7
2328 6
2329 8
2330 5
2331 10
2332 7
2333 8
2334 6
2335 8
2336 5
2337 7
2338 3
2339 7
2340 9
2341 7
2342 8
2343 9
2344 3
2345 5
2346 4
2347 10
2348 3
2349 9
2350 8
2351 4
2352 9
2353 6
2354 7
2355 8
2356 10
2357 7
2358 6
2359 6
2360 8
2361 4
2362 8
2363 8
2364 7
2365 9
2366 14
2367 8
2368 8
2369 6
2370 14
2371 5
2372 7
2373 4
2374 5
2375 4
2376 6
2377 10
2378 9
2379 6
2380 10
2381 4
2382 6
2383 5
2384 5
2385 12
2386 5
2387 5
2388 8
2389 5
2390 12
2391 13
2392 12
2393 11
2394 7
2395 9
2396 2
2397 12
2398 6
2399 8
2400 9
2401 7
2402 6
2403 7
2404 8
2405 8
2406 11
2407 10
2408 13
2409 11
2410 7
2411 6
2412 2
2413 9
2414 11
2415 9
2416 8
2417 11
2418 8
2419 11
2420 10
2421 7
2422 8
2423 3
2424 9
2425 9
2426 6
2427 12
2428 8
2429 6
2430 6
2431 10
2432 8
2433 3
2434 6
2435 5
2436 7
2437 10
2438 7
2439 11
2440 9
2441 9
2442 11
2443 10
2444 9
2445 7
2446 7
2447 10
2448 7
2449 7
2450 8
2451 6
2452 10
2453 13
2454 10
2455 13
2456 11
2457 7
2458 9
2459 11
2460 10
2461 8
2462 2
2463 7
2464 11
2465 4
2466 17
2467 9
2468 7
2469 8
2470 6
2471 8
2472 6
2473 10
2474 4
2475 11
2476 8
2477 3
2478 8
2479 2
2480 5
2481 12
2482 6
2483 9
2484 3
2485 8
2486 5
2487 8
2488 9
2489 10
2490 2
2491 10
2492 5
2493 7
2494 6
2495 6
2496 4
2497 5
2498 6
2499 3
2500 10
2501 5
2502 12
2503 9
2504 7
2505 7
2506 5
2507 10
2508 10
2509 10
2510 9
2511 10
2512 9
2513 6
2514 9
2515 6
2516 10
2517 9
2518 7
2519 6
2520 11
2521 8
2522 6
2523 7
2524 9
2525 7
2526 6
2527 6
2528 6
2529 5
2530 8
2531 8
2532 7
2533 9
2534 10
2535 10
2536 7
2537 6
2538 4
2539 7
2540 6
2541 8
2542 8
2543 8
2544 11
2545 12
2546 4
2547 4
2548 7
2549 7
2550 7
2551 9
2552 8
2553 8
2554 11
2555 7
2556 7
2557 11
2558 9
2559 9
2560 11
2561 6
2562 13
2563 14
2564 7
2565 8
2566 8
2567 9
2568 8
2569 8
2570 6
2571 5
2572 7
2573 12
2574 7
2575 2
2576 13
2577 7
2578 7
2579 6
2580 5
2581 10
2582 8
2583 5
2584 10
2585 8
2586 6
2587 11
2588 11
2589 5
2590 10
2591 6
2592 11
2593 8
2594 12
2595 5
2596 9
2597 9
2598 7
2599 10
2600 8
2601 11
2602 8
2603 8
2604 10
2605 10
2606 6
2607 11
2608 5
2609 6
2610 9
2611 1
2612 10
2613 9
2614 9
2615 8
2616 5
2617 6
2618 11
2619 3
2620 7
2621 8
2622 9
2623 14
2624 9
2625 4
2626 7
2627 8
2628 7
2629 8
2630 8
2631 6
2632 10
2633 11
2634 10
2635 12
2636 7
2637 10
2638 8
2639 6
2640 6
2641 7
2642 6
2643 7
2644 9
2645 7
2646 8
2647 8
2648 7
2649 10
2650 9
2651 7
2652 9
2653 10
2654 9
2655 4
2656 6
2657 7
2658 9
2659 8
2660 7
2661 11
2662 12
2663 6
2664 9
2665 7
2666 12
2667 8
2668 7
2669 9
2670 12
2671 5
2672 9
2673 9
2674 5
2675 9
2676 12
2677 2
2678 7
2679 17
2680 7
2681 7
2682 9
2683 5
2684 10
2685 7
2686 7
2687 11
2688 10
2689 8
2690 6
2691 6
2692 6
2693 7
2694 5
2695 15
2696 4
2697 9
2698 11
2699 8
2700 4
2701 9
2702 10
2703 11
2704 6
2705 18
2706 11
2707 3
2708 8
2709 6
2710 13
2711 8
2712 12
2713 13
2714 7
2715 8
2716 10
2717 10
2718 10
2719 7
2720 5
2721 3
2722 6
2723 8
2724 12
2725 5
2726 7
2727 11
2728 4
2729 5
2730 5
2731 9
2732 7
2733 5
2734 5
2735 13
2736 2
2737 10
2738 5
2739 7
2740 8
2741 7
2742 11
2743 5
2744 11
2745 9
2746 6
2747 4
2748 3
2749 11
2750 8
2751 9
2752 7
2753 9
2754 5
2755 3
2756 5
2757 5
2758 5
2759 12
2760 4
2761 8
2762 7
2763 2
2764 6
2765 6
2766 7
2767 6
2768 14
2769 9
2770 7
2771 14
2772 7
2773 6
2774 3
2775 6
2776 8
2777 6
2778 8
2779 11
2780 12
2781 6
2782 6
2783 8
2784 1
2785 7
2786 6
2787 6
2788 7
2789 7
2790 11
2791 12
2792 14
2793 6
2794 4
2795 6
2796 7
2797 13
2798 8
2799 4
2800 4
2801 9
2802 13
2803 6
2804 11
2805 4
2806 12
2807 7
2808 7
2809 9
2810 8
2811 11
2812 5
2813 6
2814 5
2815 7
2816 10
2817 6
2818 4
2819 11
2820 4
2821 8
2822 12
2823 11
2824 14
2825 4
2826 9
2827 11
2828 6
2829 10
2830 11
2831 2
2832 5
2833 12
2834 8
2835 6
2836 4
2837 3
2838 11
2839 14
2840 9
2841 7
2842 5
2843 8
2844 9
2845 5
2846 7
2847 8
2848 9
2849 9
2850 10
2851 4
2852 12
2853 3
2854 9
2855 4
2856 3
2857 6
2858 8
2859 6
2860 5
2861 5
2862 2
2863 11
2864 7
2865 10
2866 7
2867 15
2868 14
2869 6
2870 12
2871 7
2872 9
2873 7
2874 11
2875 4
2876 7
2877 7
2878 4
2879 8
2880 12
2881 11
2882 8
2883 13
2884 6
2885 8
2886 10
2887 7
2888 7
2889 7
2890 6
2891 6
2892 7
2893 12
2894 7
2895 8
2896 7
2897 5
2898 8
2899 9
2900 7
2901 4
2902 7
2903 10
2904 6
2905 8
2906 4
2907 11
2908 10
2909 8
2910 5
2911 5
2912 5
2913 4
2914 12
2915 8
2916 12
2917 6
2918 8
2919 9
2920 8
2921 11
2922 6
2923 10
2924 7
2925 8
2926 12
2927 2
2928 10
2929 8
2930 11
2931 5
2932 10
2933 8
2934 5
2935 5
2936 12
2937 8
2938 10
2939 7
2940 13
2941 5
2942 6
2943 11
2944 7
2945 5
2946 12
2947 7
2948 6
2949 7
2950 13
2951 8
2952 7
2953 5
2954 7
2955 10
2956 8
2957 6
2958 14
2959 4
2960 13
2961 8
2962 9
2963 5
2964 7
2965 4
2966 7
2967 6
2968 9
2969 6
2970 4
2971 11
2972 4
2973 8
2974 7
2975 6
2976 4
2977 7
2978 6
2979 5
2980 6
2981 9
2982 6
2983 8
2984 10
2985 4
2986 15
2987 9
2988 9
2989 8
2990 10
2991 11
2992 13
2993 6
2994 7
2995 1
2996 6
2997 9
2998 7
2999 5
3000 12
3001 7
3002 6
3003 4
3004 8
3005 5
3006 6
3007 9
3008 6
3009 7
3010 4
3011 5
3012 7
3013 10
3014 3
3015 7
3016 4
3017 5
3018 7
3019 12
3020 4
3021 4
3022 7
3023 8
3024 11
3025 2
3026 7
3027 9
3028 5
3029 10
3030 10
3031 3
3032 6
3033 3
3034 10
3035 9
3036 8
3037 7
3038 12
3039 9
3040 8
3041 7
3042 9
3043 10
3044 13
3045 3
3046 9
3047 4
3048 3
3049 4
3050 8
3051 12
3052 11
3053 12
3054 10
3055 4
3056 18
3057 9
3058 3
3059 8
3060 11
3061 7
3062 6
3063 13
3064 11
3065 7
3066 8
3067 7
3068 5
3069 3
3070 5
3071 3
3072 8
3073 9
3074 7
3075 7
3076 8
3077 9
3078 8
3079 8
3080 6
3081 6
3082 7
3083 6
3084 11
3085 3
3086 7
3087 10
3088 8
3089 3
3090 12
3091 10
3092 12
3093 9
3094 7
3095 10
3096 7
3097 8
3098 6
3099 5
3100 6
3101 6
3102 3
3103 9
3104 8
3105 7
3106 8
3107 5
3108 5
3109 12
3110 6
3111 7
3112 11
3113 9
3114 6
3115 10
3116 6
3117 10
3118 6
3119 2
3120 6
3121 4
3122 9
3123 4
3124 3
3125 9
3126 7
3127 8
3128 10
3129 11
3130 5
3131 0
3132 11
3133 14
3134 6
3135 4
3136 8
3137 11
3138 10
3139 7
3140 7
3141 3
3142 9
3143 9
3144 8
3145 5
3146 8
3147 7
3148 9
3149 13
3150 9
3151 7
3152 6
3153 8
3154 11
3155 6
3156 13
3157 4
3158 7
3159 9
3160 5
3161 7
3162 10
3163 12
3164 5
3165 7
3166 8
3167 7
3168 7
3169 8
3170 5
3171 11
3172 6
3173 4
3174 7
3175 10
3176 6
3177 5
3178 4
3179 4
3180 10
3181 7
3182 6
3183 9
3184 6
3185 8
3186 6
3187 12
3188 6
3189 4
3190 8
3191 13
3192 11
3193 8
3194 6
3195 7
3196 5
3197 8
3198 9
3199 6
3200 3
3201 3
3202 9
3203 4
3204 8
3205 16
3206 4
3207 12
3208 6
3209 7
3210 8
3211 5
3212 9
3213 9
3214 8
3215 8
3216 15
3217 10
3218 6
3219 9
3220 6
3221 6
3222 6
3223 7
3224 4
3225 16
3226 10
3227 5
3228 14
3229 6
3230 7
3231 4
3232 8
3233 7
3234 8
3235 7
3236 12
3237 7
3238 5
3239 7
3240 4
3241 9
3242 12
3243 4
3244 8
3245 7
3246 15
3247 5
3248 5
3249 7
3250 7
3251 7
3252 8
3253 4
3254 3
3255 9
3256 6
3257 6
3258 4
3259 8
3260 7
3261 6
3262 1
3263 3
3264 5
3265 6
3266 10
3267 6
3268 7
3269 9
3270 4
3271 7
3272 5
3273 10
3274 6
3275 12
3276 5
3277 7
3278 8
3279 7
3280 11
3281 3
3282 11
3283 6
3284 12
3285 13
3286 4
3287 15
3288 5
3289 7
3290 7
3291 10
3292 2
3293 8
3294 7
3295 10
3296 8
3297 10
3298 8
3299 5
3300 14
3301 8
3302 12
3303 7
3304 5
3305 6
3306 8
3307 6
3308 8
3309 4
3310 13
3311 6
3312 4
3313 8
3314 8
3315 8
3316 14
3317 8
3318 14
3319 8
3320 7
3321 13
3322 5
3323 8
3324 8
3325 6
3326 8
3327 11
3328 5
3329 5
3330 5
3331 5
3332 8
3333 11
3334 6
3335 3
3336 7
3337 8
3338 9
3339 6
3340 7
3341 8
3342 7
3343 4
3344 13
3345 5
3346 12
3347 5
3348 9
3349 4
3350 5
3351 3
3352 5
3353 9
3354 3
3355 10
3356 9
3357 6
3358 3
3359 7
3360 11
3361 10
3362 2
3363 9
3364 9
3365 13
3366 6
3367 12
3368 7
3369 4
3370 15
3371 7
3372 8
3373 10
3374 6
3375 11
3376 7
3377 4
3378 9
3379 4
3380 5
3381 8
3382 6
3383 9
3384 8
3385 8
3386 7
3387 10
3388 9
3389 5
3390 8
3391 7
3392 11
3393 7
3394 5
3395 8
3396 9
3397 6
3398 6
3399 6
3400 12
3401 1
3402 10
3403 7
3404 4
3405 7
3406 10
3407 7
3408 12
3409 7
3410 11
3411 8
3412 7
3413 6
3414 5
3415 4
3416 8
3417 8
3418 9
3419 6
3420 4
3421 5
3422 3
3423 12
3424 8
3425 8
3426 7
3427 9
3428 7
3429 10
3430 6
3431 5
3432 10
3433 6
3434 4
3435 6
3436 8
3437 9
3438 8
3439 6
3440 13
3441 10
3442 6
3443 7
3444 4
3445 4
3446 11
3447 7
3448 6
3449 7
3450 7
3451 7
3452 7
3453 7
3454 10
3455 8
3456 12
3457 8
3458 5
3459 5
3460 5
3461 9
3462 10
3463 11
3464 4
3465 7
3466 10
3467 8
3468 11
3469 10
3470 10
3471 6
3472 3
3473 4
3474 9
3475 6
3476 12
3477 10
3478 14
3479 7
3480 9
3481 6
3482 9
3483 11
3484 6
3485 10
3486 8
3487 6
3488 5
3489 9
3490 10
3491 6
3492 6
3493 15
3494 7
3495 7
3496 11
3497 9
3498 8
3499 3
3500 8
3501 8
3502 7
3503 7
3504 5
3505 5
3506 4
3507 6
3508 8
3509 9
3510 8
3511 6
3512 5
3513 2
3514 6
3515 8
3516 9
3517 6
3518 3
3519 7
3520 2
3521 9
3522 13
3523 6
3524 9
3525 4
3526 14
3527 5
3528 8
3529 10
3530 5
3531 8
3532 5
3533 13
3534 9
3535 9
3536 5
3537 5
3538 5
3539 4
3540 4
3541 6
3542 11
3543 11
3544 8
3545 6
3546 8
3547 8
3548 7
3549 9
3550 6
3551 12
3552 10
3553 13
3554 6
3555 11
3556 5
3557 5
3558 14
3559 14
3560 5
3561 11
3562 7
3563 3
3564 13
3565 12
3566 13
3567 7
3568 6
3569 8
3570 12
