0 11
1 11
2 12
3 9
4 8
5 5
6 9
7 10
8 11
9 11
10 6
11 7
12 4
13 13
14 12
15 11
16 11
17 8
18 5
19 7
20 6
21 8
22 10
23 10
24 6
25 6
26 8
27 8
28 9
29 9
30 7
31 8
32 1
33 7
34 11
35 11
36 6
37 5
38 5
39 14
40 6
41 6
42 5
43 7
44 6
45 6
46 6
47 6
48 5
49 5
50 5
51 2
52 8
53 5
54 9
55 10
56 7
57 8
58 5
59 5
60 9
61 5
62 8
63 8
64 8
65 10
66 7
67 9
68 8
69 8
70 5
71 6
72 10
73 7
74 8
75 8
76 8
77 8
78 6
79 7
80 11
81 5
82 6
83 6
84 7
85 5
86 13
87 7
88 11
89 7
90 9
91 10
92 12
93 6
94 5
95 9
96 6
97 11
98 10
99 10
100 5
101 3
102 7
103 7
104 4
105 4
106 8
107 10
108 7
109 9
110 8
111 5
112 10
113 8
114 9
115 8
116 9
117 6
118 10
119 10
120 9
121 4
122 4
123 10
124 4
125 14
126 5
127 7
128 10
129 7
130 5
131 9
132 4
133 10
134 7
135 10
136 8
137 7
138 10
139 7
140 9
141 7
142 11
143 7
144 7
145 7
146 5
147 8
148 9
149 10
150 15
151 9
152 4
153 15
154 7
155 8
156 4
157 7
158 8
159 9
160 4
161 12
162 8
163 9
164 5
165 7
166 8
167 7
168 10
169 5
170 10
171 6
172 6
173 6
174 3
175 6
176 7
177 9
178 6
179 4
180 9
181 6
182 6
183 4
184 9
185 7
186 4
187 5
188 6
189 6
190 12
191 5
192 8
193 12
194 7
195 8
196 16
197 8
198 6
199 5
200 7
201 11
202 2
203 9
204 8
205 8
206 11
207 9
208 8
209 6
210 10
211 5
212 5
213 10
214 8
215 10
216 6
217 12
218 5
219 3
220 9
221 6
222 6
223 8
224 7
225 4
226 7
227 12
228 5
229 9
230 14
231 6
232 7
233 6
234 5
235 8
236 6
237 4
238 10
239 10
240 9
241 9
242 10
243 6
244 10
245 10
246 8
247 9
248 10
249 10
250 4
251 10
252 9
253 7
254 6
255 7
256 7
257 8
258 6
259 5
260 8
261 6
262 16
263 8
264 4
265 7
266 10
267 8
268 7
269 10
270 10
271 10
272 9
273 12
274 10
275 6
276 7
277 5
278 5
279 10
280 4
281 15
282 5
283 5
284 8
285 6
286 7
287 6
288 3
289 6
290 9
291 5
292 14
293 7
294 12
295 5
296 5
297 4
298 10
299 8
300 7
301 11
302 10
303 8
304 6
305 6
306 3
307 7
308 3
309 7
310 3
311 9
312 6
313 10
314 5
315 7
316 12
317 4
318 7
319 9
320 10
321 9
322 6
323 4
324 10
325 6
326 5
327 7
328 11
329 7
330 4
331 7
332 9
333 6
334 5
335 9
336 6
337 9
338 9
339 7
340 8
341 8
342 9
343 15
344 10
345 11
346 9
347 9
348 8
349 8
350 12
351 6
352 6
353 7
354 7
355 10
356 10
357 6
358 4
359 11
360 14
361 7
362 4
363 8
364 3
365 9
366 11
367 0
368 8
369 13
370 2
371 5
372 9
373 9
374 10
375 8
376 9
377 9
378 5
379 6
380 11
381 5
382 9
383 2
384 4
385 7
386 7
387 7
388 4
389 14
390 7
391 4
392 7
393 7
394 7
395 10
396 5
397 6
398 13
399 6
400 10
401 5
402 9
403 9
404 6
405 8
406 6
407 6
408 6
409 6
410 2
411 6
412 9
413 6
414 9
415 7
416 7
417 9
418 8
419 5
420 9
421 10
422 9
423 8
424 1
425 14
426 7
427 7
428 3
429 10
430 5
431 6
432 8
433 10
434 8
435 3
436 7
437 9
438 13
439 15
440 10
441 5
442 9
443 8
444 4
445 10
446 11
447 11
448 10
449 10
450 7
451 6
452 10
453 6
454 11
455 11
456 4
457 10
458 7
459 9
460 9
461 6
462 10
463 9
464 8
465 10
466 9
467 6
468 6
469 4
470 11
471 12
472 9
473 5
474 7
475 7
476 10
477 5
478 7
479 10
480 11
481 11
482 9
483 8
484 12
485 8
486 8
487 8
488 5
489 7
490 10
491 9
492 14
493 8
494 6
495 8
496 6
497 7
498 4
499 8
500 8
501 8
502 6
503 11
504 9
505 8
506 9
507 6
508 12
509 5
510 6
511 8
512 4
513 8
514 8
515 8
516 8
517 2
518 3
519 2
520 7
521 6
522 12
523 5
524 13
525 11
526 10
527 8
528 14
529 7
530 11
531 12
532 5
533 6
534 6
535 7
536 4
537 14
538 7
539 12
540 10
541 7
542 8
543 6
544 5
545 11
546 8
547 10
548 5
549 7
550 12
551 6
552 7
553 6
554 7
555 9
556 11
557 14
558 8
559 6
560 6
561 14
562 7
563 10
564 10
565 9
566 4
567 5
568 6
569 8
570 7
571 10
572 12
573 10
574 7
575 6
576 5
577 11
578 11
579 8
580 11
581 4
582 15
583 10
584 5
585 6
586 8
587 6
588 4
589 6
590 9
591 7
592 8
593 6
594 13
595 9
596 8
597 6
598 5
599 7
600 6
601 5
602 5
603 5
604 7
605 11
606 16
607 10
608 3
609 7
610 2
611 9
612 9
613 12
614 7
615 9
616 6
617 7
618 7
619 5
620 8
621 7
622 12
623 8
624 5
625 4
626 6
627 5
628 8
629 7
630 5
631 7
632 2
633 7
634 8
635 5
636 9
637 10
638 7
639 11
640 8
641 4
642 14
643 6
644 7
645 4
646 12
647 6
648 11
649 8
650 3
651 7
652 6
653 9
654 7
655 3
656 12
657 9
658 6
659 8
660 5
661 1
662 13
663 8
664 8
665 9
666 8
667 3
668 6
669 14
670 7
671 12
672 4
673 5
674 8
675 4
676 11
677 9
678 5
679 6
680 8
681 9
682 9
683 8
684 8
685 11
686 3
687 13
688 8
689 4
690 10
691 10
692 8
693 13
694 10
695 9
696 11
697 13
698 8
699 10
700 12
701 3
702 8
703 8
704 7
705 7
706 8
707 7
708 11
709 3
710 4
711 5
712 10
713 5
714 8
715 6
716 9
717 8
718 4
719 8
720 4
721 4
722 5
723 6
724 9
725 5
726 4
727 7
728 13
729 6
730 9
731 12
732 5
733 4
734 5
735 7
736 12
737 6
738 5
739 8
740 6
741 7
742 5
743 8
744 7
745 5
746 10
747 12
748 5
749 6
750 7
751 4
752 7
753 7
754 8
755 9
756 13
757 6
758 5
759 10
760 4
761 8
762 9
763 4
764 9
765 4
766 9
767 7
768 7
769 7
770 8
771 8
772 10
773 7
774 4
775 10
776 6
777 11
778 3
779 11
780 6
781 9
782 7
783 10
784 4
785 6
786 8
787 5
788 16
789 8
790 11
791 8
792 6
793 8
794 5
795 11
796 11
797 6
798 13
799 5
800 8
801 6
802 7
803 9
804 4
805 8
806 10
807 6
808 9
809 7
810 4
811 8
812 9
813 6
814 4
815 2
816 6
817 12
818 11
819 4
820 8
821 10
822 4
823 8
824 6
825 7
826 8
827 4
828 7
829 8
830 14
831 10
832 8
833 6
834 13
835 8
836 7
837 6
838 4
839 5
840 11
841 6
842 11
843 12
844 6
845 5
846 8
847 6
848 9
849 10
850 5
851 8
852 9
853 3
854 9
855 9
856 5
857 8
858 6
859 8
860 6
861 8
862 11
863 8
864 9
865 13
866 8
867 12
868 6
869 8
870 11
871 4
872 5
873 6
874 5
875 9
876 11
877 1
878 12
879 8
880 4
881 6
882 5
883 12
884 7
885 8
886 9
887 2
888 7
889 7
890 13
891 7
892 7
893 3
894 12
895 9
896 10
897 10
898 10
899 8
900 5
901 10
902 6
903 6
904 8
905 8
906 7
907 5
908 9
909 10
910 8
911 4
912 5
913 11
914 9
915 10
916 15
917 9
918 5
919 3
920 7
921 13
922 12
923 7
924 10
925 9
926 6
927 5
928 7
929 10
930 6
931 11
932 7
933 9
934 6
935 8
936 5
937 6
938 6
939 10
940 11
941 8
942 5
943 13
944 10
945 8
946 12
947 13
948 6
949 9
950 8
951 5
952 5
953 8
954 10
955 12
956 11
957 9
958 4
959 6
960 7
961 5
962 12
963 7
964 9
965 11
966 5
967 4
968 15
969 4
970 7
971 8
972 7
973 6
974 4
975 8
976 8
977 7
978 7
979 10
980 4
981 12
982 10
983 4
984 7
985 10
986 8
987 3
988 10
989 5
990 10
991 3
992 7
993 4
994 5
995 8
996 8
997 8
998 8
999 7
1000 8
1001 11
1002 10
1003 11
1004 12
1005 10
1006 6
1007 9
1008 10
1009 9
1010 13
1011 4
1012 11
1013 12
1014 6
1015 8
1016 4
1017 5
1018 3
1019 4
1020 6
1021 12
1022 12
1023 4
1024 7
1025 9
1026 4
1027 10
1028 11
1029 5
1030 6
1031 9
1032 4
1033 9
1034 7
1035 9
1036 9
1037 7
1038 5
1039 6
1040 7
1041 9
1042 12
1043 3
1044 7
1045 4
1046 10
1047 11
1048 9
1049 6
1050 7
1051 6
1052 7
1053 5
1054 10
1055 9
1056 8
1057 9
1058 11
1059 9
1060 9
1061 3
1062 7
1063 1
1064 8
1065 9
1066 4
1067 10
1068 8
1069 4
1070 3
1071 6
1072 5
1073 4
1074 10
1075 9
1076 5
1077 6
1078 7
1079 3
1080 12
1081 7
1082 8
1083 8
1084 7
1085 11
1086 8
1087 12
1088 5
1089 7
1090 3
1091 8
1092 6
1093 4
1094 8
1095 8
1096 7
1097 7
1098 4
1099 5
1100 12
1101 6
1102 10
1103 4
1104 7
1105 6
1106 5
1107 8
1108 7
1109 4
1110 11
1111 4
1112 4
1113 2
1114 3
1115 8
1116 9
1117 6
1118 8
1119 8
1120 2
1121 10
1122 11
1123 12
1124 6
1125 10
1126 7
1127 13
1128 8
1129 6
1130 9
1131 4
1132 6
1133 9
1134 6
1135 7
1136 7
1137 13
1138 9
1139 8
1140 4
1141 4
1142 11
1143 7
1144 8
1145 4
1146 6
1147 6
1148 7
1149 2
1150 9
1151 10
1152 8
1153 5
1154 8
1155 4
1156 7
1157 6
1158 6
1159 7
1160 8
1161 7
1162 7
1163 8
1164 7
1165 8
1166 8
1167 10
1168 14
1169 6
1170 9
1171 8
1172 5
1173 10
1174 5
1175 8
1176 7
1177 7
1178 8
1179 8
1180 11
1181 11
1182 9
1183 6
1184 8
1185 6
1186 11
1187 7
1188 9
1189 3
1190 6
1191 8
1192 6
1193 5
1194 11
1195 6
1196 4
1197 3
1198 4
1199 13
1200 4
1201 11
1202 6
1203 14
1204 13
1205 10
1206 7
1207 6
1208 6
1209 5
1210 11
1211 12
1212 4
1213 7
1214 4
1215 9
1216 5
1217 6
1218 8
1219 10
1220 4
1221 5
1222 6
1223 3
1224 6
1225 10
1226 12
1227 13
1228 8
1229 3
1230 7
1231 3
1232 6
1233 15
1234 8
1235 7
1236 10
1237 13
1238 6
1239 10
1240 8
1241 5
1242 10
1243 4
1244 5
1245 5
1246 5
1247 7
1248 7
1249 8
1250 2
1251 5
1252 9
1253 10
1254 3
1255 5
1256 8
1257 6
1258 11
1259 11
1260 2
1261 8
1262 6
1263 7
1264 14
1265 10
1266 8
1267 2
1268 9
1269 9
1270 12
1271 6
1272 8
1273 8
1274 6
1275 12
1276 4
1277 8
1278 7
1279 4
1280 6
1281 2
1282 11
1283 9
1284 6
1285 7
1286 7
1287 6
1288 8
1289 7
1290 8
1291 8
1292 6
1293 17
1294 9
1295 6
1296 6
1297 8
1298 4
1299 5
1300 5
1301 9
1302 6
1303 12
1304 5
1305 6
1306 8
1307 9
1308 2
1309 6
1310 9
1311 5
1312 5
1313 11
1314 6
1315 9
1316 8
1317 5
1318 11
1319 11
1320 11
1321 8
1322 12
1323 5
1324 6
1325 14
1326 8
1327 7
1328 4
1329 11
1330 10
1331 7
1332 17
1333 10
1334 10
1335 11
1336 10
1337 8
1338 9
1339 12
1340 11
1341 10
1342 4
1343 10
1344 7
1345 9
1346 8
1347 13
1348 11
1349 7
1350 6
1351 12
1352 8
1353 9
1354 10
1355 5
1356 9
1357 8
1358 4
1359 15
1360 9
1361 12
1362 7
1363 10
1364 4
1365 6
1366 6
1367 5
1368 5
1369 5
1370 9
1371 12
1372 12
1373 6
1374 7
1375 10
1376 9
1377 6
1378 4
1379 3
1380 8
1381 5
1382 5
1383 7
1384 13
1385 6
1386 10
1387 13
1388 8
1389 3
1390 13
1391 6
1392 5
1393 10
1394 15
1395 13
1396 7
1397 6
1398 6
1399 7
1400 7
1401 7
1402 9
1403 9
1404 9
1405 2
1406 5
1407 11
1408 10
1409 12
1410 8
1411 9
1412 9
1413 8
1414 6
1415 9
1416 4
1417 10
1418 6
1419 7
1420 10
1421 5
1422 6
1423 12
1424 11
1425 8
1426 5
1427 10
1428 6
1429 12
1430 6
1431 2
1432 6
1433 13
1434 10
1435 6
1436 14
1437 9
1438 11
1439 8
1440 8
1441 9
1442 14
1443 7
1444 10
1445 10
1446 4
1447 3
1448 8
1449 11
1450 3
1451 9
1452 8
1453 5
1454 13
1455 9
1456 7
1457 7
1458 5
1459 10
1460 6
1461 9
1462 5
1463 8
1464 3
1465 6
1466 10
1467 10
1468 7
1469 5
1470 10
1471 6
1472 9
1473 7
1474 8
1475 11
1476 3
1477 4
1478 5
1479 5
1480 6
1481 9
1482 4
1483 7
1484 7
1485 7
1486 9
1487 9
1488 5
1489 5
1490 7
1491 6
1492 7
1493 8
1494 5
1495 7
1496 9
1497 3
1498 9
1499 5
1500 4
1501 3
1502 5
1503 8
1504 11
1505 12
1506 8
1507 7
1508 8
1509 5
1510 7
1511 10
1512 7
1513 8
1514 10
1515 4
1516 4
1517 5
1518 7
1519 6
1520 10
1521 6
1522 11
1523 6
1524 10
1525 5
1526 11
1527 8
1528 5
1529 7
1530 3
1531 7
1532 13
1533 9
1534 8
1535 5
1536 10
1537 9
1538 10
1539 8
1540 3
1541 10
1542 12
1543 8
1544 8
1545 7
1546 5
1547 6
1548 10
1549 11
1550 6
1551 2
1552 4
1553 11
1554 2
1555 5
1556 8
1557 9
1558 10
1559 7
1560 4
1561 9
1562 10
1563 4
1564 4
1565 7
1566 7
1567 6
1568 8
1569 6
1570 13
1571 10
1572 10
1573 13
1574 9
1575 7
1576 10
1577 9
1578 4
1579 6
1580 1
1581 8
1582 6
1583 6
1584 15
1585 12
1586 7
1587 4
1588 8
1589 6
1590 6
1591 3
1592 4
1593 8
1594 6
1595 10
1596 5
1597 7
1598 11
1599 6
1600 4
1601 10
1602 8
1603 10
1604 3
1605 4
1606 10
1607 5
1608 9
1609 5
1610 13
1611 8
1612 8
1613 8
1614 6
1615 10
1616 6
1617 11
1618 6
1619 13
1620 12
1621 14
1622 5
1623 6
1624 9
1625 9
1626 11
1627 6
1628 10
1629 12
1630 6
1631 8
1632 4
1633 4
1634 9
1635 7
1636 6
1637 10
1638 7
1639 9
1640 7
1641 2
1642 4
1643 8
1644 9
1645 8
1646 8
1647 3
1648 3
1649 9
1650 8
1651 2
1652 12
1653 4
1654 8
1655 13
1656 8
1657 6
1658 11
1659 10
1660 7
1661 9
1662 5
1663 8
1664 7
1665 6
1666 5
1667 12
1668 9
1669 3
1670 3
1671 13
1672 10
1673 9
1674 12
1675 5
1676 1
1677 4
1678 14
1679 12
1680 8
1681 10
1682 9
1683 9
1684 14
1685 5
1686 11
1687 11
1688 8
1689 8
1690 7
1691 9
1692 5
1693 4
1694 11
1695 6
1696 8
1697 12
1698 5
1699 9
1700 8
1701 11
1702 11
1703 5
1704 9
1705 6
1706 6
1707 10
1708 6
1709 4
1710 7
1711 8
1712 5
1713 9
1714 6
1715 6
1716 10
1717 8
1718 8
1719 9
1720 8
1721 8
1722 6
1723 6
1724 14
1725 5
1726 7
1727 8
1728 16
1729 3
1730 6
1731 7
1732 9
1733 7
1734 6
1735 6
1736 4
1737 7
1738 9
1739 9
1740 7
1741 13
1742 10
1743 11
1744 9
1745 10
1746 8
1747 4
1748 9
1749 4
1750 12
1751 3
1752 10
1753 12
1754 9
1755 6
1756 12
1757 7
1758 7
1759 11
1760 5
1761 5
1762 3
1763 10
1764 3
1765 3
1766 9
1767 9
1768 10
1769 9
1770 10
1771 4
1772 7
1773 4
1774 9
1775 5
1776 9
1777 9
1778 9
1779 4
1780 2
1781 10
1782 6
1783 7
1784 8
1785 4
1786 7
1787 5
1788 11
1789 6
1790 7
1791 9
1792 4
1793 14
1794 10
1795 7
1796 12
1797 10
1798 11
1799 8
1800 9
1801 9
1802 8
1803 9
1804 7
1805 11
1806 4
1807 10
1808 10
1809 5
1810 11
1811 3
1812 7
1813 8
1814 9
1815 7
1816 11
1817 14
1818 7
1819 10
1820 3
1821 5
1822 6
1823 10
1824 10
1825 10
1826 9
1827 6
1828 7
1829 6
1830 5
1831 6
1832 9
1833 5
1834 9
1835 5
1836 2
1837 10
1838 8
1839 8
1840 6
1841 6
1842 9
1843 7
1844 10
1845 5
1846 10
1847 9
1848 6
1849 15
1850 9
1851 5
1852 5
1853 11
1854 5
1855 3
1856 10
1857 8
1858 8
1859 9
1860 9
1861 8
1862 6
1863 10
1864 10
1865 4
1866 11
1867 5
1868 5
1869 7
1870 9
1871 9
1872 9
1873 5
1874 6
1875 11
1876 5
1877 5
1878 9
1879 10
1880 8
1881 8
1882 6
1883 9
1884 9
1885 7
1886 4
1887 5
1888 11
1889 6
1890 6
1891 12
1892 12
1893 3
1894 9
1895 4
1896 9
1897 10
1898 8
1899 6
1900 11
1901 3
1902 2
1903 9
1904 10
1905 6
1906 5
1907 6
1908 6
1909 13
1910 6
1911 10
1912 10
1913 11
1914 9
1915 16
1916 5
1917 10
1918 5
1919 2
1920 8
1921 4
1922 5
1923 4
1924 7
1925 8
1926 4
1927 12
1928 10
1929 2
1930 13
1931 5
1932 8
1933 8
1934 7
1935 11
1936 4
1937 8
1938 4
1939 8
1940 8
1941 9
1942 8
1943 3
1944 5
1945 8
1946 16
1947 12
1948 10
1949 11
1950 4
1951 5
1952 5
1953 8
1954 8
1955 7
1956 5
1957 11
1958 5
1959 13
1960 8
1961 10
1962 8
1963 6
1964 11
1965 4
1966 6
1967 11
1968 6
1969 11
1970 8
1971 12
1972 7
1973 8
1974 10
1975 13
1976 5
1977 7
1978 8
1979 8
1980 6
1981 10
1982 10
1983 9
1984 10
1985 5
1986 6
1987 10
1988 9
1989 9
1990 11
1991 6
1992 9
1993 6
1994 11
1995 10
1996 10
1997 7
1998 5
1999 13
2000 7
2001 7
2002 3
2003 9
2004 8
2005 8
2006 10
2007 5
2008 6
2009 1
2010 9
2011 10
2012 4
2013 6
2014 9
2015 10
2016 6
2017 6
2018 5
2019 13
2020 5
2021 12
2022 9
2023 9
2024 6
2025 9
2026 8
2027 6
2028 8
2029 6
2030 9
2031 6
2032 7
2033 6
2034 4
2035 15
2036 10
2037 6
2038 14
2039 5
2040 6
2041 5
2042 12
2043 13
2044 8
2045 8
2046 6
2047 7
2048 10
2049 8
2050 8
2051 10
2052 6
2053 7
2054 9
2055 8
2056 4
2057 5
2058 4
2059 5
2060 6
2061 9
2062 12
2063 6
2064 6
2065 12
2066 9
2067 10
2068 10
2069 8
2070 5
2071 2
2072 9
2073 11
2074 6
2075 10
2076 6
2077 11
2078 10
2079 8
2080 4
2081 9
2082 8
2083 13
2084 8
2085 5
2086 7
2087 5
2088 11
2089 6
2090 9
2091 8
2092 9
2093 9
2094 6
2095 9
2096 6
2097 5
2098 4
2099 8
2100 4
2101 7
2102 8
2103 6
2104 6
2105 6
2106 9
2107 13
2108 12
2109 5
2110 5
2111 7
2112 9
2113 10
2114 4
2115 5
2116 10
2117 11
2118 11
2119 5
2120 8
2121 7
2122 10
2123 4
2124 10
2125 5
2126 4
2127 11
2128 10
2129 5
2130 5
2131 6
2132 6
2133 9
2134 7
2135 6
2136 4
2137 9
2138 7
2139 7
2140 10
2141 7
2142 7
2143 5
2144 6
2145 10
2146 6
2147 13
2148 9
2149 2
2150 6
2151 8
2152 10
2153 4
2154 10
2155 5
2156 7
2157 6
2158 15
2159 3
2160 5
2161 8
2162 14
2163 7
2164 8
2165 7
2166 12
2167 9
2168 8
2169 6
2170 7
2171 5
2172 9
2173 8
2174 7
2175 8
2176 7
2177 6
2178 9
2179 10
2180 7
2181 7
2182 12
2183 5
2184 9
2185 12
2186 9
2187 2
2188 7
2189 13
2190 5
2191 2
2192 4
2193 4
2194 8
2195 4
2196 8
2197 9
2198 10
2199 5
2200 7
2201 10
2202 6
2203 11
2204 7
2205 4
2206 6
2207 11
2208 10
2209 10
2210 6
2211 8
2212 9
2213 5
2214 5
2215 8
2216 11
2217 15
2218 6
2219 5
2220 6
2221 6
2222 10
2223 6
2224 4
2225 8
2226 7
2227 8
2228 9
2229 14
2230 5
2231 5
2232 6
2233 8
2234 7
2235 11
2236 3
2237 12
2238 10
2239 14
2240 9
2241 5
2242 8
2243 6
2244 13
2245 5
2246 7
2247 5
2248 11
2249 13
2250 8
2251 3
2252 5
2253 4
2254 10
2255 5
2256 11
2257 9
2258 4
2259 9
2260 5
2261 7
2262 8
2263 7
2264 4
2265 7
2266 8
2267 7
2268 6
2269 7
2270 8
2271 7
2272 4
2273 12
2274 15
2275 4
2276 11
2277 13
2278 6
2279 9
2280 6
2281 7
2282 6
2283 8
2284 6
2285 13
2286 6
2287 3
2288 7
2289 9
2290 3
2291 12
2292 8
2293 9
2294 3
2295 11
2296 12
2297 4
2298 9
2299 9
2300 6
2301 9
2302 8
2303 8
2304 8
2305 13
2306 8
2307 7
2308 11
2309 11
2310 2
2311 4
2312 6
2313 3
2314 10
2315 9
2316 9
2317 11
2318 12
2319 9
2320 8
2321 8
2322 10
2323 10
2324 10
2325 6
2326 12
2327 7
2328 8
2329 10
2330 5
2331 5
2332 10
2333 9
2334 8
2335 4
2336 9
2337 4
2338 10
2339 4
2340 11
2341 9
2342 4
2343 9
2344 4
2345 6
2346 5
2347 8
2348 7
2349 6
2350 2
2351 12
2352 6
2353 9
2354 13
2355 6
2356 3
2357 2
2358 7
2359 5
2360 14
2361 10
2362 8
2363 3
2364 7
2365 7
2366 5
2367 7
2368 9
2369 10
2370 4
2371 6
2372 5
2373 6
2374 8
2375 8
2376 9
2377 7
2378 11
2379 9
2380 10
2381 6
2382 7
2383 5
2384 6
2385 7
2386 12
2387 11
2388 5
2389 11
2390 4
2391 9
2392 8
2393 10
2394 6
2395 6
2396 8
2397 6
2398 5
2399 9
2400 9
2401 7
2402 10
2403 4
2404 9
2405 9
2406 5
2407 15
2408 8
2409 12
2410 8
2411 10
2412 8
2413 4
2414 9
2415 16
2416 7
2417 6
2418 6
2419 9
2420 11
2421 10
2422 8
2423 7
2424 6
2425 2
2426 8
2427 5
2428 13
2429 8
2430 9
2431 7
2432 9
2433 4
2434 9
2435 8
2436 9
2437 10
2438 4
2439 9
2440 10
2441 6
2442 6
2443 8
2444 10
2445 5
2446 8
2447 5
2448 4
2449 12
2450 4
2451 10
2452 9
2453 6
2454 6
2455 8
2456 9
2457 5
2458 4
2459 3
2460 8
2461 7
2462 6
2463 10
2464 8
2465 12
2466 7
2467 9
2468 4
2469 7
2470 8
2471 7
2472 5
2473 6
2474 9
2475 6
2476 7
2477 4
2478 4
2479 9
2480 12
2481 7
2482 11
2483 9
2484 8
2485 4
2486 11
2487 3
2488 4
2489 10
2490 12
2491 12
2492 8
2493 6
2494 5
2495 6
2496 7
2497 7
2498 5
2499 3
2500 12
2501 5
2502 6
2503 6
2504 7
2505 9
2506 6
2507 10
2508 10
2509 4
2510 8
2511 9
2512 5
2513 12
2514 8
2515 3
2516 12
2517 5
2518 3
2519 12
2520 7
2521 11
2522 8
2523 7
2524 7
2525 10
2526 9
2527 11
2528 10
2529 13
2530 7
2531 6
2532 9
2533 12
2534 4
2535 5
2536 11
2537 11
2538 5
2539 11
2540 4
2541 7
2542 11
2543 7
2544 9
2545 5
2546 10
2547 10
2548 9
2549 6
2550 9
2551 5
2552 10
2553 9
2554 12
2555 8
2556 2
2557 6
2558 10
2559 4
2560 9
2561 6
2562 5
2563 10
2564 8
2565 7
2566 10
2567 7
2568 9
2569 13
2570 11
2571 9
2572 5
2573 10
2574 9
2575 8
2576 8
2577 4
2578 4
2579 6
2580 7
2581 7
2582 4
2583 4
2584 12
2585 11
2586 10
2587 13
2588 5
2589 4
2590 11
2591 6
2592 9
2593 8
2594 10
2595 10
2596 5
2597 9
2598 4
2599 5
2600 4
2601 7
2602 5
2603 6
2604 6
2605 9
2606 12
2607 12
2608 7
2609 6
2610 8
2611 8
2612 5
2613 10
2614 8
2615 6
2616 5
2617 3
2618 10
2619 8
2620 6
2621 11
2622 5
2623 3
2624 11
2625 8
2626 10
2627 12
2628 7
2629 10
2630 3
2631 10
2632 11
2633 7
2634 6
2635 9
2636 4
2637 10
2638 10
2639 11
2640 8
2641 10
2642 9
2643 5
2644 8
2645 9
2646 8
2647 9
2648 11
2649 7
2650 5
2651 8
2652 12
2653 8
2654 12
2655 12
2656 6
2657 4
2658 6
2659 7
2660 12
2661 15
2662 7
2663 12
2664 9
2665 9
2666 9
2667 6
2668 6
2669 5
2670 9
2671 8
2672 4
2673 9
2674 8
2675 13
2676 16
2677 6
2678 5
2679 7
2680 9
2681 1
2682 6
2683 12
2684 12
2685 10
2686 10
2687 7
2688 10
2689 8
2690 5
2691 5
2692 5
2693 9
2694 8
2695 5
2696 7
2697 11
2698 6
2699 11
2700 6
2701 9
2702 8
2703 9
2704 6
2705 11
2706 7
2707 4
2708 6
2709 4
2710 4
2711 6
2712 6
2713 2
2714 1
2715 8
2716 7
2717 9
2718 3
2719 8
2720 11
2721 10
2722 5
2723 5
2724 9
2725 6
2726 10
2727 2
2728 4
2729 11
2730 7
2731 9
2732 10
2733 3
2734 9
2735 11
2736 15
2737 15
2738 10
2739 6
2740 6
2741 7
2742 8
2743 10
2744 6
2745 4
2746 6
2747 9
2748 10
2749 17
2750 7
2751 7
2752 5
2753 7
2754 13
2755 7
2756 10
2757 5
2758 17
2759 7
2760 5
2761 8
2762 11
2763 12
2764 11
2765 8
2766 9
2767 7
2768 7
2769 5
2770 6
2771 8
2772 10
2773 6
2774 4
2775 4
2776 4
2777 6
2778 5
2779 11
2780 11
2781 8
2782 5
2783 11
2784 7
2785 6
2786 9
2787 6
2788 14
2789 9
2790 6
2791 9
2792 6
2793 5
2794 5
2795 9
2796 3
2797 14
2798 8
2799 7
2800 8
2801 12
2802 4
2803 11
2804 13
2805 6
2806 9
2807 8
2808 5
2809 8
2810 12
2811 7
2812 8
2813 5
2814 7
2815 4
2816 13
2817 6
2818 9
2819 7
2820 7
2821 7
2822 8
2823 10
2824 10
2825 9
2826 2
2827 16
2828 11
2829 8
2830 5
2831 12
2832 12
2833 7
2834 12
2835 5
2836 7
2837 5
2838 6
2839 12
2840 5
2841 12
2842 6
2843 11
2844 10
2845 7
2846 8
2847 7
2848 7
2849 7
2850 13
2851 5
2852 5
2853 9
2854 6
2855 3
2856 14
2857 5
2858 9
2859 6
2860 12
2861 5
2862 2
2863 6
2864 7
2865 6
2866 4
2867 3
2868 10
2869 6
2870 5
2871 13
2872 8
2873 3
2874 17
2875 8
2876 4
2877 7
2878 7
2879 5
2880 9
2881 7
2882 8
2883 1
2884 5
2885 3
2886 6
2887 10
2888 8
2889 10
2890 3
2891 10
2892 9
2893 7
2894 15
2895 8
2896 9
2897 7
2898 4
2899 4
2900 7
2901 14
2902 7
2903 5
2904 9
2905 9
2906 6
2907 11
2908 12
2909 9
2910 9
2911 7
2912 6
2913 7
2914 12
2915 7
2916 10
2917 12
2918 6
2919 6
2920 9
2921 10
2922 6
2923 6
2924 6
2925 4
2926 7
2927 7
2928 6
2929 6
2930 3
2931 14
2932 8
2933 9
2934 6
2935 7
2936 3
2937 13
2938 10
2939 12
2940 4
2941 13
2942 12
2943 7
2944 9
2945 5
2946 12
2947 5
2948 5
2949 4
2950 6
2951 9
2952 4
2953 3
2954 7
2955 8
2956 8
2957 7
2958 8
2959 11
2960 4
2961 9
2962 11
2963 5
2964 6
2965 6
2966 6
2967 5
2968 7
2969 5
2970 15
2971 3
2972 4
2973 8
2974 8
2975 8
2976 12
2977 4
2978 12
2979 11
2980 9
2981 8
2982 14
2983 7
2984 5
2985 3
2986 4
2987 8
2988 7
2989 8
2990 15
2991 9
2992 8
2993 6
2994 10
2995 10
2996 13
2997 4
2998 8
2999 6
3000 9
3001 6
3002 15
3003 5
3004 7
3005 11
3006 12
3007 6
3008 9
3009 6
3010 5
3011 5
3012 7
3013 10
3014 9
3015 4
3016 10
3017 9
3018 6
3019 6
3020 8
3021 7
3022 11
3023 6
3024 6
3025 9
3026 7
3027 11
3028 13
3029 12
3030 11
3031 9
3032 7
3033 6
3034 7
3035 3
3036 7
3037 7
3038 4
3039 7
3040 10
3041 9
3042 9
3043 11
3044 12
3045 6
3046 9
3047 11
3048 8
3049 7
3050 8
3051 8
3052 10
3053 5
3054 5
3055 6
3056 5
3057 5
3058 4
3059 5
3060 11
3061 7
3062 9
3063 6
3064 10
3065 5
3066 1
3067 11
3068 11
3069 9
3070 12
3071 7
3072 9
3073 7
3074 11
3075 12
3076 9
3077 11
3078 8
3079 4
3080 10
3081 9
3082 6
3083 8
3084 7
3085 11
3086 6
3087 6
3088 7
3089 5
3090 6
3091 9
3092 11
3093 3
3094 9
3095 7
3096 4
3097 9
3098 12
3099 7
3100 13
3101 6
3102 8
3103 8
3104 5
3105 10
3106 15
3107 15
3108 3
3109 3
3110 10
3111 5
3112 7
3113 7
3114 6
3115 6
3116 5
3117 9
3118 6
3119 9
3120 8
3121 7
3122 10
3123 6
3124 5
3125 3
3126 5
3127 5
3128 10
3129 6
3130 7
3131 12
3132 7
3133 3
3134 14
3135 8
3136 8
3137 8
3138 2
3139 9
3140 10
3141 6
3142 10
3143 4
3144 10
3145 8
3146 10
3147 10
3148 11
3149 7
3150 9
3151 5
3152 11
3153 5
3154 6
3155 9
3156 9
3157 3
3158 10
3159 6
3160 12
3161 7
3162 6
3163 4
3164 3
3165 8
3166 9
3167 13
3168 9
3169 9
3170 4
3171 10
3172 12
3173 10
3174 8
3175 8
3176 7
3177 4
3178 7
3179 7
3180 5
3181 5
3182 8
3183 10
3184 9
3185 7
3186 9
3187 9
3188 10
3189 7
3190 7
3191 7
3192 6
3193 8
3194 10
3195 8
3196 6
3197 11
3198 4
3199 5
3200 5
3201 8
3202 7
3203 8
3204 11
3205 10
3206 6
3207 11
3208 16
3209 13
3210 5
3211 5
3212 4
3213 6
3214 9
3215 7
3216 7
3217 7
3218 7
3219 7
3220 7
3221 6
3222 15
3223 6
3224 6
3225 6
3226 4
3227 10
3228 7
3229 14
3230 6
3231 6
3232 4
3233 10
3234 4
3235 4
3236 10
3237 12
3238 6
3239 6
3240 11
3241 6
3242 8
3243 7
3244 7
3245 11
3246 5
3247 14
3248 5
3249 7
3250 5
3251 6
3252 6
3253 10
3254 6
3255 5
3256 7
3257 4
3258 3
3259 12
3260 6
3261 7
3262 5
3263 6
3264 13
3265 11
3266 9
3267 15
3268 12
3269 11
3270 9
3271 8
3272 4
3273 9
3274 7
3275 4
3276 14
3277 7
3278 4
3279 8
3280 7
3281 9
3282 8
3283 14
3284 7
3285 7
3286 17
3287 10
3288 7
3289 8
3290 5
3291 9
3292 9
3293 8
3294 7
3295 6
3296 8
3297 4
3298 6
3299 11
3300 9
3301 11
3302 11
3303 7
3304 8
3305 9
3306 7
3307 8
3308 4
3309 8
3310 3
3311 9
3312 8
3313 7
3314 9
3315 2
3316 5
3317 11
3318 8
3319 14
3320 5
3321 8
3322 12
3323 6
3324 4
3325 6
3326 6
3327 7
3328 4
3329 13
3330 7
3331 14
3332 8
3333 10
3334 8
3335 9
3336 9
3337 8
3338 8
3339 9
3340 7
3341 4
3342 5
3343 6
3344 7
3345 9
3346 7
3347 6
3348 3
3349 9
3350 8
3351 15
3352 10
3353 4
3354 6
3355 5
3356 8
3357 8
3358 9
3359 8
3360 11
3361 8
3362 13
3363 8
3364 6
3365 6
3366 10
3367 5
3368 2
3369 9
3370 10
3371 10
3372 8
3373 7
3374 6
3375 5
3376 13
3377 13
3378 9
3379 9
3380 15
3381 9
3382 9
3383 9
3384 10
3385 10
3386 7
3387 6
3388 5
3389 6
3390 6
3391 7
3392 8
3393 7
3394 7
3395 8
3396 10
3397 9
3398 7
3399 5
3400 9
3401 13
3402 6
3403 8
3404 6
3405 11
3406 13
3407 7
3408 5
3409 6
3410 11
3411 8
3412 9
3413 9
3414 2
3415 6
3416 8
3417 5
3418 8
3419 7
3420 6
3421 6
3422 19
3423 8
3424 11
3425 4
3426 6
3427 9
3428 10
3429 4
3430 13
3431 4
3432 3
3433 9
3434 8
3435 9
3436 4
3437 4
3438 6
3439 8
3440 6
3441 3
3442 1
3443 8
3444 7
3445 10
3446 6
3447 5
3448 7
3449 4
3450 7
3451 11
3452 6
3453 7
3454 2
3455 6
3456 5
3457 8
3458 4
3459 6
3460 4
3461 5
3462 8
3463 3
3464 6
3465 10
3466 5
3467 3
3468 5
3469 5
3470 5
3471 7
3472 5
3473 10
3474 5
3475 8
3476 13
3477 4
3478 9
3479 12
3480 11
3481 4
3482 7
3483 14
3484 8
3485 15
3486 10
3487 6
3488 8
3489 12
3490 7
3491 12
3492 13
3493 8
3494 8
3495 5
3496 6
3497 5
3498 12
3499 6
3500 8
3501 9
3502 7
3503 8
3504 7
3505 5
3506 10
3507 1
3508 6
3509 13
3510 6
3511 9
3512 11
3513 8
3514 8
3515 5
3516 7
3517 9
3518 6
3519 7
3520 7
3521 6
3522 5
3523 5
3524 7
3525 6
3526 8
3527 3
3528 7
3529 9
3530 10
3531 10
3532 10
3533 5
3534 13
3535 5
3536 13
3537 5
3538 7
3539 6
3540 6
3541 7
3542 10
3543 9
3544 8
3545 5
3546 8
3547 8
3548 6
3549 7
3550 8
3551 7
3552 8
3553 14
3554 5
3555 5
3556 10
3557 9
3558 17
3559 4
3560 6
3561 5
3562 10
3563 8
3564 8
3565 11
3566 3
3567 10
3568 8
3569 9
3570 14
