0 6
1 10
2 6
3 11
4 8
5 6
6 6
7 12
8 8
9 6
10 5
11 7
12 7
13 5
14 4
15 4
16 5
17 5
18 6
19 7
20 4
21 6
22 11
23 9
24 13
25 10
26 6
27 6
28 11
29 14
30 6
31 8
32 7
33 13
34 12
35 12
36 8
37 4
38 5
39 13
40 11
41 2
42 9
43 7
44 5
45 5
46 11
47 7
48 12
49 10
50 9
51 10
52 13
53 12
54 4
55 11
56 4
57 11
58 12
59 7
60 10
61 5
62 12
63 5
64 10
65 3
66 1
67 8
68 9
69 7
70 7
71 9
72 7
73 7
74 10
75 11
76 10
77 5
78 13
79 7
80 9
81 3
82 7
83 4
84 9
85 2
86 5
87 7
88 5
89 5
90 10
91 6
92 8
93 12
94 10
95 9
96 11
97 11
98 14
99 7
100 11
101 11
102 5
103 5
104 11
105 18
106 8
107 4
108 12
109 12
110 10
111 11
112 6
113 6
114 10
115 9
116 5
117 9
118 9
119 6
120 6
121 17
122 12
123 5
124 6
125 11
126 5
127 16
128 7
129 10
130 6
131 11
132 9
133 8
134 5
135 6
136 8
137 10
138 9
139 7
140 7
141 8
142 9
143 15
144 5
145 7
146 8
147 5
148 6
149 7
150 5
151 8
152 9
153 5
154 6
155 6
156 9
157 8
158 9
159 5
160 3
161 11
162 6
163 6
164 6
165 6
166 5
167 8
168 7
169 5
170 7
171 9
172 7
173 7
174 5
175 12
176 7
177 6
178 10
179 10
180 7
181 8
182 11
183 7
184 7
185 5
186 11
187 9
188 8
189 8
190 9
191 8
192 7
193 13
194 11
195 3
196 8
197 5
198 11
199 7
200 7
201 5
202 9
203 8
204 6
205 8
206 5
207 13
208 12
209 9
210 13
211 5
212 8
213 8
214 15
215 10
216 9
217 11
218 4
219 6
220 11
221 6
222 5
223 11
224 6
225 16
226 4
227 7
228 11
229 1
230 8
231 9
232 7
233 7
234 2
235 6
236 5
237 11
238 4
239 6
240 4
241 6
242 8
243 6
244 8
245 8
246 9
247 6
248 8
249 5
250 9
251 6
252 8
253 10
254 12
255 8
256 10
257 8
258 12
259 6
260 4
261 9
262 7
263 13
264 5
265 13
266 9
267 4
268 7
269 2
270 4
271 11
272 7
273 7
274 10
275 8
276 9
277 8
278 7
279 7
280 7
281 9
282 11
283 2
284 10
285 8
286 10
287 9
288 7
289 7
290 11
291 8
292 4
293 6
294 7
295 7
296 7
297 11
298 4
299 11
300 5
301 6
302 7
303 11
304 8
305 5
306 13
307 7
308 10
309 16
310 11
311 12
312 6
313 5
314 3
315 4
316 10
317 3
318 7
319 5
320 3
321 9
322 8
323 9
324 1
325 5
326 6
327 8
328 9
329 3
330 4
331 7
332 6
333 12
334 3
335 8
336 7
337 5
338 5
339 9
340 12
341 4
342 9
343 7
344 11
345 8
346 7
347 5
348 6
349 6
350 10
351 7
352 5
353 9
354 5
355 5
356 6
357 6
358 9
359 3
360 8
361 7
362 8
363 5
364 4
365 7
366 13
367 11
368 5
369 11
370 7
371 8
372 7
373 14
374 6
375 10
376 10
377 10
378 5
379 10
380 12
381 8
382 7
383 10
384 9
385 12
386 10
387 7
388 10
389 11
390 9
391 9
392 5
393 7
394 4
395 9
396 8
397 10
398 7
399 6
400 10
401 9
402 4
403 4
404 7
405 3
406 8
407 11
408 10
409 8
410 6
411 9
412 9
413 6
414 8
415 9
416 10
417 7
418 9
419 10
420 11
421 8
422 6
423 10
424 12
425 3
426 12
427 7
428 9
429 6
430 5
431 9
432 6
433 4
434 7
435 2
436 6
437 6
438 7
439 7
440 11
441 6
442 8
443 5
444 8
445 11
446 7
447 6
448 9
449 8
450 7
451 4
452 8
453 8
454 6
455 6
456 6
457 13
458 10
459 11
460 9
461 8
462 5
463 11
464 8
465 7
466 12
467 9
468 13
469 11
470 13
471 11
472 5
473 7
474 6
475 8
476 13
477 8
478 5
479 7
480 5
481 7
482 4
483 6
484 10
485 7
486 7
487 5
488 5
489 6
490 6
491 5
492 8
493 7
494 10
495 8
496 10
497 7
498 12
499 5
500 10
501 9
502 12
503 8
504 4
505 11
506 7
507 10
508 7
509 7
510 8
511 4
512 7
513 8
514 4
515 9
516 3
517 10
518 1
519 9
520 8
521 5
522 10
523 4
524 8
525 8
526 11
527 6
528 4
529 9
530 10
531 6
532 6
533 8
534 6
535 6
536 5
537 13
538 12
539 10
540 6
541 6
542 9
543 6
544 3
545 7
546 11
547 6
548 6
549 2
550 5
551 8
552 10
553 10
554 9
555 3
556 7
557 6
558 6
559 3
560 9
561 12
562 8
563 4
564 10
565 15
566 11
567 2
568 10
569 11
570 9
571 5
572 12
573 9
574 4
575 6
576 12
577 7
578 9
579 9
580 4
581 10
582 7
583 9
584 12
585 7
586 6
587 11
588 9
589 9
590 9
591 0
592 8
593 13
594 5
595 7
596 6
597 12
598 10
599 5
600 13
601 5
602 12
603 11
604 5
605 11
606 9
607 6
608 9
609 6
610 6
611 11
612 11
613 14
614 6
615 8
616 7
617 5
618 8
619 2
620 5
621 6
622 9
623 9
624 2
625 6
626 6
627 7
628 12
629 3
630 10
631 4
632 7
633 4
634 7
635 6
636 3
637 6
638 6
639 3
640 7
641 7
642 9
643 8
644 5
645 5
646 11
647 4
648 5
649 3
650 5
651 4
652 4
653 11
654 12
655 1
656 5
657 6
658 4
659 5
660 13
661 8
662 13
663 11
664 3
665 7
666 1
667 8
668 6
669 3
670 4
671 12
672 7
673 7
674 4
675 10
676 9
677 7
678 10
679 8
680 7
681 8
682 9
683 7
684 4
685 11
686 9
687 6
688 7
689 11
690 4
691 12
692 8
693 2
694 6
695 5
696 9
697 10
698 12
699 9
700 5
701 6
702 11
703 9
704 6
705 12
706 8
707 7
708 13
709 7
710 4
711 4
712 10
713 9
714 14
715 11
716 6
717 5
718 9
719 7
720 7
721 9
722 12
723 9
724 8
725 4
726 5
727 9
728 9
729 9
730 2
731 11
732 10
733 9
734 9
735 8
736 7
737 8
738 7
739 9
740 5
741 7
742 11
743 6
744 4
745 6
746 10
747 5
748 8
749 10
750 7
751 9
752 7
753 12
754 12
755 9
756 8
757 6
758 4
759 6
760 10
761 7
762 7
763 4
764 3
765 9
766 11
767 7
768 5
769 12
770 10
771 8
772 8
773 14
774 10
775 7
776 11
777 7
778 13
779 8
780 6
781 11
782 11
783 12
784 6
785 4
786 7
787 9
788 7
789 7
790 4
791 13
792 7
793 5
794 5
795 5
796 6
797 6
798 9
799 11
800 8
801 8
802 7
803 7
804 8
805 12
806 10
807 8
808 4
809 12
810 8
811 9
812 12
813 7
814 4
815 4
816 12
817 8
818 11
819 11
820 7
821 10
822 10
823 7
824 8
825 9
826 9
827 7
828 8
829 4
830 7
831 12
832 5
833 9
834 10
835 10
836 7
837 6
838 8
839 12
840 8
841 6
842 7
843 12
844 10
845 5
846 7
847 5
848 7
849 6
850 8
851 5
852 5
853 11
854 7
855 5
856 10
857 17
858 7
859 10
860 11
861 5
862 7
863 9
864 3
865 6
866 5
867 8
868 14
869 7
870 4
871 13
872 12
873 8
874 15
875 6
876 7
877 7
878 9
879 11
880 4
881 4
882 5
883 3
884 7
885 5
886 6
887 7
888 5
889 5
890 5
891 4
892 3
893 6
894 8
895 7
896 4
897 11
898 7
899 9
900 9
901 7
902 12
903 9
904 3
905 9
906 16
907 4
908 6
909 4
910 11
911 11
912 10
913 7
914 7
915 10
916 8
917 9
918 10
919 8
920 5
921 5
922 7
923 14
924 7
925 4
926 5
927 9
928 7
929 10
930 10
931 10
932 10
933 5
934 7
935 3
936 5
937 10
938 5
939 4
940 7
941 6
942 9
943 11
944 10
945 6
946 12
947 11
948 11
949 5
950 2
951 8
952 7
953 7
954 5
955 7
956 6
957 5
958 6
959 9
960 8
961 6
962 6
963 9
964 10
965 8
966 12
967 10
968 8
969 7
970 13
971 11
972 6
973 8
974 9
975 8
976 7
977 10
978 9
979 16
980 13
981 8
982 7
983 6
984 8
985 10
986 10
987 6
988 13
989 5
990 7
991 10
992 9
993 10
994 4
995 7
996 3
997 9
998 4
999 6
1000 4
1001 14
1002 8
1003 10
1004 4
1005 7
1006 4
1007 9
1008 7
1009 7
1010 10
1011 6
1012 6
1013 7
1014 8
1015 9
1016 7
1017 10
1018 6
1019 8
1020 9
1021 10
1022 6
1023 9
1024 4
1025 7
1026 6
1027 4
1028 4
1029 8
1030 9
1031 11
1032 10
1033 8
1034 4
1035 7
1036 5
1037 7
1038 13
1039 5
1040 12
1041 10
1042 9
1043 3
1044 7
1045 7
1046 12
1047 6
1048 8
1049 6
1050 9
1051 8
1052 7
1053 8
1054 9
1055 3
1056 9
1057 4
1058 10
1059 5
1060 4
1061 6
1062 7
1063 11
1064 8
1065 11
1066 8
1067 6
1068 8
1069 10
1070 14
1071 5
1072 11
1073 6
1074 12
1075 9
1076 7
1077 5
1078 5
1079 7
1080 7
1081 6
1082 8
1083 6
1084 5
1085 13
1086 8
1087 6
1088 9
1089 5
1090 10
1091 4
1092 7
1093 7
1094 9
1095 10
1096 4
1097 11
1098 5
1099 7
1100 9
1101 7
1102 4
1103 6
1104 5
1105 7
1106 4
1107 8
1108 6
1109 6
1110 5
1111 2
1112 9
1113 9
1114 6
1115 3
1116 4
1117 8
1118 7
1119 9
1120 9
1121 9
1122 4
1123 6
1124 5
1125 12
1126 6
1127 8
1128 8
1129 10
1130 7
1131 6
1132 6
1133 8
1134 7
1135 9
1136 8
1137 6
1138 6
1139 9
1140 9
1141 2
1142 5
1143 10
1144 6
1145 5
1146 7
1147 5
1148 5
1149 5
1150 6
1151 7
1152 6
1153 7
1154 5
1155 6
1156 7
1157 9
1158 10
1159 10
1160 8
1161 9
1162 10
1163 5
1164 4
1165 7
1166 10
1167 4
1168 7
1169 6
1170 5
1171 12
1172 7
1173 7
1174 7
1175 5
1176 3
1177 10
1178 6
1179 4
1180 4
1181 5
1182 15
1183 8
1184 12
1185 7
1186 8
1187 11
1188 5
1189 6
1190 8
1191 7
1192 9
1193 7
1194 5
1195 5
1196 8
1197 7
1198 7
1199 7
1200 11
1201 9
1202 5
1203 2
1204 8
1205 9
1206 12
1207 3
1208 5
1209 11
1210 12
1211 5
1212 6
1213 7
1214 4
1215 14
1216 5
1217 7
1218 9
1219 6
1220 8
1221 14
1222 6
1223 11
1224 10
1225 3
1226 9
1227 3
1228 10
1229 6
1230 10
1231 9
1232 5
1233 6
1234 6
1235 3
1236 9
1237 9
1238 10
1239 12
1240 11
1241 5
1242 6
1243 17
1244 6
1245 7
1246 13
1247 6
1248 7
1249 12
1250 9
1251 6
1252 12
1253 9
1254 12
1255 6
1256 9
1257 9
1258 7
1259 4
1260 9
1261 8
1262 8
1263 7
1264 6
1265 8
1266 6
1267 9
1268 9
1269 11
1270 8
1271 10
1272 10
1273 8
1274 4
1275 7
1276 7
1277 9
1278 3
1279 9
1280 8
1281 9
1282 6
1283 7
1284 7
1285 10
1286 15
1287 6
1288 11
1289 10
1290 11
1291 6
1292 8
1293 4
1294 9
1295 7
1296 11
1297 8
1298 5
1299 10
1300 6
1301 9
1302 2
1303 6
1304 12
1305 11
1306 7
1307 4
1308 10
1309 6
1310 9
1311 10
1312 6
1313 5
1314 7
1315 14
1316 3
1317 10
1318 5
1319 9
1320 4
1321 4
1322 3
1323 9
1324 8
1325 12
1326 7
1327 2
1328 11
1329 7
1330 11
1331 8
1332 8
1333 7
1334 8
1335 5
1336 9
1337 12
1338 1
1339 6
1340 12
1341 6
1342 10
1343 6
1344 11
1345 5
1346 7
1347 7
1348 4
1349 5
1350 6
1351 11
1352 10
1353 12
1354 7
1355 10
1356 11
1357 10
1358 7
1359 8
1360 12
1361 6
1362 11
1363 8
1364 8
1365 7
1366 6
1367 9
1368 5
1369 4
1370 5
1371 4
1372 9
1373 9
1374 8
1375 8
1376 3
1377 6
1378 12
1379 10
1380 7
1381 11
1382 9
1383 6
1384 7
1385 13
1386 10
1387 9
1388 8
1389 6
1390 7
1391 11
1392 10
1393 7
1394 6
1395 9
1396 11
1397 9
1398 9
1399 8
1400 6
1401 11
1402 7
1403 4
1404 6
1405 3
1406 7
1407 6
1408 17
1409 7
1410 10
1411 6
1412 7
1413 4
1414 7
1415 12
1416 11
1417 6
1418 8
1419 6
1420 5
1421 4
1422 8
1423 8
1424 8
1425 4
1426 7
1427 4
1428 17
1429 10
1430 10
1431 6
1432 10
1433 5
1434 8
1435 9
1436 4
1437 5
1438 8
1439 7
1440 6
1441 11
1442 9
1443 11
1444 5
1445 8
1446 9
1447 4
1448 6
1449 9
1450 7
1451 11
1452 3
1453 8
1454 3
1455 11
1456 8
1457 9
1458 8
1459 7
1460 12
1461 13
1462 12
1463 4
1464 8
1465 7
1466 10
1467 7
1468 7
1469 4
1470 8
1471 9
1472 5
1473 4
1474 6
1475 11
1476 3
1477 11
1478 8
1479 10
1480 3
1481 9
1482 10
1483 1
1484 4
1485 6
1486 5
1487 5
1488 6
1489 6
1490 3
1491 12
1492 7
1493 3
1494 8
1495 5
1496 8
1497 4
1498 7
1499 6
1500 9
1501 4
1502 5
1503 10
1504 6
1505 6
1506 7
1507 5
1508 14
1509 4
1510 8
1511 11
1512 9
1513 9
1514 8
1515 8
1516 11
1517 6
1518 11
1519 6
1520 13
1521 8
1522 10
1523 6
1524 7
1525 5
1526 3
1527 13
1528 6
1529 7
1530 12
1531 5
1532 4
1533 7
1534 5
1535 6
1536 6
1537 5
1538 6
1539 7
1540 11
1541 2
1542 3
1543 5
1544 2
1545 4
1546 9
1547 7
1548 10
1549 7
1550 5
1551 4
1552 8
1553 10
1554 5
1555 8
1556 5
1557 5
1558 7
1559 7
1560 5
1561 8
1562 7
1563 5
1564 6
1565 7
1566 12
1567 6
1568 8
1569 10
1570 7
1571 11
1572 7
1573 6
1574 9
1575 4
1576 11
1577 7
1578 7
1579 7
1580 5
1581 5
1582 9
1583 8
1584 13
1585 6
1586 6
1587 6
1588 7
1589 2
1590 8
1591 10
1592 5
1593 4
1594 11
1595 11
1596 8
1597 6
1598 4
1599 9
1600 5
1601 7
1602 4
1603 6
1604 7
1605 7
1606 4
1607 7
1608 8
1609 9
1610 11
1611 6
1612 5
1613 5
1614 6
1615 3
1616 7
1617 8
1618 11
1619 12
1620 8
1621 10
1622 12
1623 4
1624 11
1625 8
1626 9
1627 8
1628 4
1629 7
1630 7
1631 8
1632 10
1633 6
1634 6
1635 6
1636 9
1637 7
1638 15
1639 9
1640 9
1641 8
1642 3
1643 8
1644 6
1645 7
1646 6
1647 5
1648 12
1649 3
1650 10
1651 10
1652 7
1653 9
1654 12
1655 9
1656 5
1657 5
1658 6
1659 12
1660 4
1661 5
1662 8
1663 7
1664 7
1665 9
1666 7
1667 12
1668 3
1669 7
1670 6
1671 6
1672 11
1673 11
1674 6
1675 8
1676 11
1677 7
1678 5
1679 6
1680 6
1681 4
1682 9
1683 7
1684 9
1685 8
1686 12
1687 8
1688 8
1689 6
1690 11
1691 5
1692 11
1693 11
1694 8
1695 4
1696 5
1697 5
1698 13
1699 8
1700 9
1701 6
1702 5
1703 3
1704 10
1705 10
1706 5
1707 10
1708 6
1709 11
1710 9
1711 10
1712 12
1713 8
1714 15
1715 9
1716 9
1717 7
1718 9
1719 6
1720 11
1721 11
1722 10
1723 2
1724 14
1725 3
1726 9
1727 8
1728 8
1729 6
1730 7
1731 9
1732 12
1733 7
1734 4
1735 4
1736 6
1737 11
1738 8
1739 14
1740 9
1741 8
1742 7
1743 11
1744 8
1745 9
1746 11
1747 7
1748 9
1749 13
1750 5
1751 10
1752 11
1753 11
1754 4
1755 5
1756 6
1757 7
1758 5
1759 7
1760 11
1761 7
1762 11
1763 7
1764 16
1765 11
1766 7
1767 12
1768 8
1769 13
1770 9
1771 4
1772 7
1773 11
1774 6
1775 6
1776 10
1777 7
1778 11
1779 10
1780 7
1781 10
1782 6
1783 7
1784 12
1785 3
1786 10
1787 3
1788 8
1789 5
1790 5
1791 8
1792 10
1793 4
1794 9
1795 5
1796 4
1797 13
1798 10
1799 9
1800 12
1801 9
1802 6
1803 5
1804 14
1805 2
1806 7
1807 9
1808 9
1809 6
1810 7
1811 11
1812 9
1813 5
1814 8
1815 10
1816 8
1817 5
1818 12
1819 11
1820 3
1821 13
1822 8
1823 10
1824 5
1825 7
1826 11
1827 9
1828 12
1829 10
1830 5
1831 7
1832 10
1833 14
1834 10
1835 9
1836 7
1837 9
1838 1
1839 11
1840 8
1841 10
1842 7
1843 12
1844 11
1845 7
1846 18
1847 9
1848 9
1849 8
1850 5
1851 10
1852 6
1853 5
1854 7
1855 7
1856 8
1857 6
1858 9
1859 7
1860 9
1861 4
1862 8
1863 11
1864 6
1865 4
1866 4
1867 7
1868 3
1869 6
1870 7
1871 5
1872 6
1873 5
1874 9
1875 11
1876 6
1877 8
1878 8
1879 7
1880 4
1881 2
1882 10
1883 10
1884 6
1885 5
1886 7
1887 5
1888 9
1889 9
1890 7
1891 10
1892 11
1893 7
1894 7
1895 3
1896 6
1897 6
1898 13
1899 10
1900 9
1901 5
1902 5
1903 4
1904 5
1905 6
1906 7
1907 5
1908 7
1909 7
1910 14
1911 11
1912 7
1913 13
1914 11
1915 6
1916 7
1917 9
1918 10
1919 7
1920 10
1921 10
1922 8
1923 8
1924 8
1925 9
1926 5
1927 11
1928 12
1929 9
1930 10
1931 6
1932 11
1933 10
1934 8
1935 6
1936 9
1937 8
1938 8
1939 7
1940 12
1941 4
1942 9
1943 7
1944 4
1945 13
1946 11
1947 5
1948 5
1949 9
1950 11
1951 4
1952 6
1953 7
1954 13
1955 12
1956 9
1957 9
1958 3
1959 7
1960 7
1961 15
1962 5
1963 11
1964 9
1965 11
1966 8
1967 7
1968 6
1969 10
1970 8
1971 11
1972 4
1973 7
1974 7
1975 10
1976 9
1977 6
1978 4
1979 10
1980 6
1981 8
1982 6
1983 8
1984 8
1985 8
1986 12
1987 8
1988 11
1989 7
1990 13
1991 8
1992 16
1993 9
1994 10
1995 7
1996 8
1997 6
1998 6
1999 6
2000 5
2001 4
2002 8
2003 8
2004 3
2005 7
2006 7
2007 5
2008 3
2009 5
2010 8
2011 10
2012 8
2013 8
2014 8
2015 11
2016 10
2017 7
2018 7
2019 7
2020 11
2021 7
2022 11
2023 12
2024 9
2025 7
2026 7
2027 5
2028 9
2029 9
2030 7
2031 9
2032 5
2033 7
2034 4
2035 7
2036 8
2037 8
2038 10
2039 8
2040 8
2041 10
2042 8
2043 5
2044 6
2045 9
2046 5
2047 11
2048 6
2049 10
2050 10
2051 6
2052 6
2053 5
2054 3
2055 6
2056 6
2057 8
2058 7
2059 7
2060 8
2061 7
2062 7
2063 6
2064 8
2065 8
2066 5
2067 6
2068 6
2069 15
2070 10
2071 3
2072 9
2073 6
2074 9
2075 7
2076 6
2077 8
2078 7
2079 6
2080 6
2081 9
2082 2
2083 4
2084 2
2085 7
2086 7
2087 10
2088 4
2089 5
2090 7
2091 9
2092 5
2093 5
2094 9
2095 10
2096 8
2097 3
2098 7
2099 13
2100 5
2101 5
2102 11
2103 7
2104 9
2105 6
2106 8
2107 12
2108 6
2109 4
2110 11
2111 7
2112 3
2113 7
2114 5
2115 9
2116 11
2117 9
2118 4
2119 6
2120 8
2121 8
2122 2
2123 8
2124 11
2125 3
2126 9
2127 4
2128 6
2129 8
2130 9
2131 12
2132 10
2133 11
2134 10
2135 13
2136 3
2137 6
2138 7
2139 12
2140 6
2141 6
2142 7
2143 7
2144 6
2145 8
2146 7
2147 2
2148 6
2149 6
2150 10
2151 6
2152 15
2153 6
2154 11
2155 12
2156 4
2157 8
2158 7
2159 8
2160 10
2161 9
2162 6
2163 5
2164 9
2165 4
2166 6
2167 5
2168 10
2169 12
2170 11
2171 6
2172 4
2173 5
2174 7
2175 7
2176 5
2177 4
2178 6
2179 11
2180 3
2181 11
2182 7
2183 9
2184 7
2185 10
2186 11
2187 5
2188 6
2189 6
2190 9
2191 7
2192 11
2193 9
2194 4
2195 5
2196 8
2197 9
2198 4
2199 7
2200 5
2201 4
2202 2
2203 3
2204 10
2205 10
2206 8
2207 4
2208 5
2209 5
2210 6
2211 9
2212 8
2213 6
2214 11
2215 8
2216 3
2217 9
2218 12
2219 6
2220 7
2221 7
2222 11
2223 6
2224 8
2225 9
2226 6
2227 6
2228 4
2229 6
2230 6
2231 11
2232 6
2233 9
2234 6
2235 3
2236 14
2237 8
2238 10
2239 5
2240 10
2241 5
2242 10
2243 8
2244 14
2245 8
2246 12
2247 6
2248 8
2249 7
2250 6
2251 9
2252 8
2253 9
2254 7
2255 5
2256 10
2257 8
2258 4
2259 12
2260 8
2261 8
2262 7
2263 14
2264 8
2265 11
2266 10
2267 8
2268 15
2269 9
2270 5
2271 7
2272 6
2273 6
2274 10
2275 5
2276 14
2277 6
2278 10
2279 4
2280 9
2281 8
2282 6
2283 8
2284 10
2285 7
2286 5
2287 10
2288 10
2289 12
2290 10
2291 11
2292 12
2293 5
2294 11
2295 10
2296 7
2297 4
2298 12
2299 5
2300 6
2301 10
2302 14
2303 7
2304 12
2305 4
2306 9
2307 7
2308 11
2309 9
2310 7
2311 8
2312 9
2313 9
2314 9
2315 5
2316 9
2317 9
2318 6
2319 11
2320 7
2321 8
2322 7
2323 9
2324 6
2325 8
2326 10
2327 12
2328 4
2329 6
2330 11
2331 6
2332 8
2333 12
2334 3
2335 7
2336 3
2337 5
2338 4
2339 7
2340 5
2341 5
2342 8
2343 8
2344 6
2345 7
2346 8
2347 11
2348 6
2349 5
2350 6
2351 15
2352 6
2353 5
2354 5
2355 6
2356 10
2357 8
2358 6
2359 7
2360 8
2361 9
2362 4
2363 8
2364 8
2365 12
2366 8
2367 8
2368 9
2369 7
2370 6
2371 8
2372 10
2373 5
2374 5
2375 6
2376 9
2377 8
2378 3
2379 4
2380 10
2381 8
2382 11
2383 10
2384 8
2385 3
2386 8
2387 8
2388 4
2389 6
2390 9
2391 8
2392 9
2393 10
2394 11
2395 5
2396 9
2397 9
2398 9
2399 11
2400 4
2401 7
2402 11
2403 2
2404 4
2405 10
2406 6
2407 6
2408 7
2409 9
2410 7
2411 4
2412 4
2413 12
2414 3
2415 5
2416 6
2417 3
2418 5
2419 5
2420 6
2421 7
2422 11
2423 12
2424 9
2425 8
2426 8
2427 7
2428 11
2429 6
2430 6
2431 6
2432 6
2433 7
2434 11
2435 8
2436 3
2437 6
2438 9
2439 11
2440 10
2441 8
2442 6
2443 6
2444 9
2445 12
2446 8
2447 5
2448 8
2449 6
2450 6
2451 6
2452 7
2453 6
2454 10
2455 10
2456 7
2457 5
2458 9
2459 3
2460 8
2461 9
2462 9
2463 11
2464 8
2465 12
2466 3
2467 8
2468 5
2469 7
2470 9
2471 3
2472 6
2473 8
2474 4
2475 3
2476 9
2477 4
2478 9
2479 3
2480 6
2481 9
2482 12
2483 9
2484 5
2485 9
2486 8
2487 5
2488 7
2489 10
2490 10
2491 9
2492 12
2493 4
2494 8
2495 5
2496 12
2497 11
2498 10
2499 8
2500 6
2501 9
2502 5
2503 7
2504 5
2505 6
2506 7
2507 6
2508 7
2509 9
2510 6
2511 10
2512 8
2513 3
2514 7
2515 9
2516 8
2517 6
2518 7
2519 10
2520 10
2521 8
2522 7
2523 4
2524 11
2525 9
2526 9
2527 8
2528 5
2529 5
2530 6
2531 7
2532 8
2533 7
2534 5
2535 10
2536 10
2537 10
2538 9
2539 9
2540 9
2541 7
2542 7
2543 10
2544 8
2545 4
2546 7
2547 8
2548 3
2549 10
2550 6
2551 6
2552 12
2553 9
2554 6
2555 7
2556 4
2557 12
2558 8
2559 8
2560 8
2561 11
2562 7
2563 4
2564 5
2565 5
2566 11
2567 8
2568 11
2569 10
2570 4
2571 5
2572 7
2573 4
2574 10
2575 5
2576 11
2577 5
2578 6
2579 4
2580 10
2581 6
2582 12
2583 5
2584 6
2585 6
2586 7
2587 9
2588 6
2589 4
2590 13
2591 5
2592 8
2593 6
2594 8
2595 5
2596 9
2597 4
2598 9
2599 6
2600 5
2601 12
2602 9
2603 4
2604 8
2605 8
2606 9
2607 8
2608 6
2609 8
2610 12
2611 7
2612 9
2613 7
2614 4
2615 7
2616 7
2617 14
2618 9
2619 8
2620 5
2621 8
2622 13
2623 7
2624 11
2625 9
2626 6
2627 9
2628 4
2629 14
2630 8
2631 6
2632 3
2633 11
2634 5
2635 10
2636 2
2637 12
2638 10
2639 3
2640 11
2641 5
2642 10
2643 6
2644 11
2645 7
2646 2
2647 9
2648 13
2649 4
2650 11
2651 9
2652 13
2653 2
2654 6
2655 11
2656 8
2657 11
2658 7
2659 7
2660 5
2661 10
2662 4
2663 13
2664 7
2665 8
2666 14
2667 7
2668 3
2669 6
2670 9
2671 6
2672 5
2673 8
2674 5
2675 7
2676 8
2677 8
2678 7
2679 7
2680 6
2681 12
2682 5
2683 9
2684 4
2685 6
2686 6
2687 10
2688 9
2689 11
2690 4
2691 8
2692 7
2693 8
2694 7
2695 10
2696 10
2697 7
2698 5
2699 5
2700 6
2701 3
2702 8
2703 5
2704 2
2705 3
2706 13
2707 2
2708 7
2709 4
2710 4
2711 6
2712 4
2713 4
2714 12
2715 7
2716 8
2717 2
2718 10
2719 10
2720 8
2721 5
2722 8
2723 10
2724 6
2725 6
2726 5
2727 7
2728 6
2729 8
2730 5
2731 7
2732 5
2733 8
2734 4
2735 8
2736 8
2737 12
2738 8
2739 6
2740 7
2741 14
2742 7
2743 2
2744 9
2745 9
2746 12
2747 10
2748 7
2749 2
2750 4
2751 6
2752 8
2753 9
2754 8
2755 5
2756 9
2757 6
2758 6
2759 12
2760 13
2761 8
2762 6
2763 5
2764 7
2765 9
2766 6
2767 7
2768 6
2769 13
2770 8
2771 9
2772 10
2773 4
2774 7
2775 8
2776 10
2777 13
2778 6
2779 3
2780 5
2781 7
2782 10
2783 11
2784 5
2785 4
2786 7
2787 13
2788 11
2789 4
2790 6
2791 6
2792 16
2793 10
2794 8
2795 6
2796 9
2797 9
2798 4
2799 4
2800 9
2801 5
2802 6
2803 12
2804 4
2805 6
2806 9
2807 3
2808 11
2809 8
2810 8
2811 8
2812 4
2813 5
2814 6
2815 8
2816 4
2817 9
2818 10
2819 9
2820 8
2821 10
2822 13
2823 8
2824 10
2825 6
2826 12
2827 11
2828 10
2829 9
2830 7
2831 10
2832 4
2833 4
2834 9
2835 11
2836 6
2837 7
2838 10
2839 13
2840 9
2841 9
2842 9
2843 7
2844 10
2845 2
2846 7
2847 5
2848 7
2849 4
2850 10
2851 10
2852 9
2853 8
2854 4
2855 7
2856 8
2857 10
2858 10
2859 7
2860 10
2861 9
2862 7
2863 18
2864 10
2865 6
2866 4
2867 9
2868 6
2869 8
2870 8
2871 8
2872 7
2873 8
2874 2
2875 5
2876 6
2877 5
2878 7
2879 6
2880 6
2881 11
2882 11
2883 7
2884 3
2885 8
2886 10
2887 11
2888 7
2889 8
2890 9
2891 10
2892 9
2893 11
2894 2
2895 9
2896 11
2897 5
2898 10
2899 4
2900 7
2901 7
2902 7
2903 6
2904 10
2905 6
2906 5
2907 9
2908 7
2909 8
2910 8
2911 9
2912 10
2913 8
2914 6
2915 11
2916 6
2917 8
2918 8
2919 11
2920 8
2921 13
2922 10
2923 9
2924 11
2925 6
2926 7
2927 7
2928 2
2929 7
2930 13
2931 5
2932 10
2933 5
2934 2
2935 7
2936 5
2937 7
2938 9
2939 11
2940 9
2941 4
2942 1
2943 9
2944 8
2945 11
2946 4
2947 18
2948 5
2949 7
2950 7
2951 3
2952 1
2953 9
2954 3
2955 5
2956 4
2957 8
2958 9
2959 16
2960 4
2961 3
2962 8
2963 10
2964 11
2965 9
2966 7
2967 7
2968 8
2969 8
2970 9
2971 11
2972 9
2973 11
2974 11
2975 10
2976 9
2977 5
2978 11
2979 12
2980 8
2981 9
2982 10
2983 13
2984 11
2985 8
2986 7
2987 13
2988 5
2989 10
2990 5
2991 11
2992 8
2993 8
2994 11
2995 7
2996 10
2997 5
2998 7
2999 12
3000 8
3001 3
3002 7
3003 9
3004 4
3005 7
3006 5
3007 9
3008 7
3009 3
3010 14
3011 6
3012 7
3013 9
3014 7
3015 7
3016 9
3017 11
3018 5
3019 6
3020 9
3021 10
3022 8
3023 6
3024 17
3025 6
3026 10
3027 6
3028 7
3029 10
3030 10
3031 10
3032 10
3033 14
3034 7
3035 4
3036 6
3037 10
3038 4
3039 5
3040 9
3041 5
3042 10
3043 7
3044 7
3045 5
3046 7
3047 1
3048 9
3049 6
3050 8
3051 7
3052 7
3053 2
3054 5
3055 4
3056 8
3057 6
3058 7
3059 6
3060 9
3061 5
3062 6
3063 4
3064 6
3065 9
3066 11
3067 3
3068 9
3069 7
3070 5
3071 7
3072 8
3073 6
3074 7
3075 5
3076 10
3077 10
3078 9
3079 10
3080 5
3081 11
3082 12
3083 10
3084 11
3085 6
3086 9
3087 7
3088 7
3089 9
3090 6
3091 5
3092 7
3093 9
3094 15
3095 7
3096 12
3097 2
3098 5
3099 8
3100 10
3101 5
3102 3
3103 8
3104 5
3105 7
3106 4
3107 7
3108 10
3109 10
3110 6
3111 6
3112 5
3113 4
3114 7
3115 9
3116 6
3117 13
3118 5
3119 6
3120 7
3121 10
3122 9
3123 8
3124 7
3125 4
3126 3
3127 7
3128 4
3129 12
3130 6
3131 8
3132 7
3133 12
3134 8
3135 5
3136 10
3137 5
3138 9
3139 6
3140 8
3141 11
3142 7
3143 10
3144 4
3145 12
3146 7
3147 6
3148 7
3149 7
3150 9
3151 7
3152 9
3153 6
3154 9
3155 11
3156 11
3157 9
3158 13
3159 13
3160 8
3161 4
3162 10
3163 8
3164 11
3165 5
3166 7
3167 5
3168 5
3169 7
3170 7
3171 7
3172 5
3173 9
3174 8
3175 6
3176 5
3177 5
3178 13
3179 8
3180 5
3181 8
3182 8
3183 6
3184 5
3185 4
3186 3
3187 8
3188 1
3189 5
3190 10
3191 8
3192 10
3193 4
3194 9
3195 9
3196 7
3197 5
3198 9
3199 7
3200 8
3201 5
3202 9
3203 14
3204 8
3205 8
3206 9
3207 8
3208 10
3209 5
3210 6
3211 12
3212 14
3213 5
3214 6
3215 9
3216 8
3217 2
3218 8
3219 9
3220 6
3221 8
3222 7
3223 7
3224 8
3225 5
3226 13
3227 7
3228 3
3229 4
3230 7
3231 10
3232 11
3233 12
3234 7
3235 2
3236 6
3237 10
3238 9
3239 6
3240 5
3241 3
3242 12
3243 6
3244 7
3245 5
3246 3
3247 8
3248 6
3249 10
3250 11
3251 6
3252 3
3253 5
3254 4
3255 5
3256 7
3257 12
3258 11
3259 9
3260 7
3261 11
3262 7
3263 11
3264 6
3265 9
3266 6
3267 4
3268 5
3269 10
3270 11
3271 6
3272 13
3273 10
3274 8
3275 12
3276 7
3277 10
3278 8
3279 6
3280 4
3281 4
3282 7
3283 7
3284 11
3285 12
3286 9
3287 16
3288 8
3289 9
3290 11
3291 6
3292 13
3293 7
3294 11
3295 10
3296 9
3297 9
3298 9
3299 8
3300 7
3301 8
3302 4
3303 6
3304 8
3305 10
3306 9
3307 6
3308 10
3309 7
3310 8
3311 6
3312 9
3313 9
3314 8
3315 8
3316 12
3317 10
3318 9
3319 9
3320 8
3321 5
3322 4
3323 12
3324 7
3325 7
3326 8
3327 10
3328 4
3329 3
3330 12
3331 7
3332 10
3333 6
3334 10
3335 6
3336 5
3337 8
3338 14
3339 7
3340 5
3341 7
3342 6
3343 10
3344 5
3345 12
3346 10
3347 11
3348 10
3349 7
3350 9
3351 6
3352 5
3353 11
3354 7
3355 8
3356 8
3357 6
3358 7
3359 9
3360 11
3361 8
3362 7
3363 7
3364 4
3365 9
3366 5
3367 6
3368 7
3369 12
3370 7
3371 6
3372 7
3373 10
3374 3
3375 0
3376 10
3377 12
3378 12
3379 9
3380 10
3381 6
3382 9
3383 5
3384 5
3385 6
3386 8
3387 10
3388 7
3389 15
3390 6
3391 13
3392 5
3393 9
3394 4
3395 6
3396 9
3397 9
3398 6
3399 7
3400 5
3401 12
3402 10
3403 6
3404 4
3405 7
3406 9
3407 10
3408 8
3409 6
3410 11
3411 12
3412 5
3413 8
3414 11
3415 8
3416 6
3417 7
3418 8
3419 9
3420 11
3421 6
3422 5
3423 7
3424 12
3425 7
3426 7
3427 3
3428 4
3429 12
3430 9
3431 9
3432 5
3433 11
3434 7
3435 14
3436 12
3437 7
3438 12
3439 4
3440 8
3441 11
3442 11
3443 10
3444 6
3445 7
3446 6
3447 13
3448 8
3449 7
3450 8
3451 8
3452 11
3453 6
3454 9
3455 10
3456 6
3457 10
3458 13
3459 5
3460 10
3461 11
3462 12
3463 11
3464 8
3465 12
3466 5
3467 6
3468 6
3469 11
3470 6
3471 8
3472 3
3473 7
3474 8
3475 10
3476 12
3477 4
3478 11
3479 5
3480 12
3481 7
3482 10
3483 8
3484 11
3485 7
3486 11
3487 6
3488 10
3489 13
3490 8
3491 14
3492 9
3493 9
3494 10
3495 6
3496 7
3497 10
3498 7
3499 8
3500 6
3501 8
3502 4
3503 3
3504 5
3505 4
3506 7
3507 10
3508 6
3509 8
3510 12
3511 10
3512 18
3513 9
3514 9
3515 10
3516 7
3517 9
3518 12
3519 9
3520 14
3521 9
3522 7
3523 10
3524 5
3525 5
3526 6
3527 12
3528 9
3529 9
3530 5
3531 5
3532 5
3533 9
3534 5
3535 10
3536 7
3537 7
3538 9
3539 13
3540 12
3541 5
3542 4
3543 8
3544 10
3545 8
3546 8
3547 7
3548 4
3549 12
3550 9
3551 7
3552 3
3553 13
3554 7
3555 6
3556 15
3557 9
3558 6
3559 6
3560 7
3561 8
3562 7
3563 9
3564 8
3565 9
3566 7
3567 7
3568 6
3569 8
3570 7
