0 3
1 12
2 8
3 8
4 5
5 10
6 5
7 7
8 5
9 6
10 7
11 9
12 7
13 8
14 10
15 12
16 9
17 7
18 10
19 10
20 8
21 9
22 11
23 8
24 8
25 6
26 10
27 2
28 6
29 4
30 6
31 9
32 8
33 8
34 5
35 7
36 9
37 8
38 8
39 6
40 5
41 9
42 6
43 6
44 4
45 5
46 6
47 4
48 8
49 10
50 8
51 4
52 13
53 5
54 10
55 11
56 9
57 15
58 8
59 8
60 12
61 5
62 3
63 4
64 2
65 9
66 7
67 13
68 8
69 10
70 6
71 14
72 13
73 10
74 5
75 8
76 4
77 8
78 12
79 6
80 10
81 6
82 7
83 13
84 10
85 8
86 9
87 9
88 7
89 7
90 16
91 6
92 5
93 3
94 9
95 10
96 10
97 4
98 9
99 8
100 7
101 8
102 13
103 7
104 9
105 8
106 8
107 8
108 6
109 7
110 3
111 7
112 13
113 7
114 6
115 10
116 11
117 10
118 5
119 9
120 6
121 4
122 11
123 12
124 6
125 3
126 8
127 7
128 4
129 10
130 8
131 8
132 7
133 12
134 9
135 4
136 8
137 11
138 8
139 9
140 7
141 8
142 7
143 10
144 5
145 8
146 9
147 4
148 6
149 9
150 10
151 5
152 2
153 9
154 6
155 2
156 8
157 8
158 9
159 5
160 16
161 13
162 5
163 7
164 9
165 6
166 9
167 7
168 5
169 7
170 7
171 5
172 11
173 5
174 11
175 10
176 9
177 11
178 8
179 5
180 8
181 6
182 11
183 7
184 5
185 8
186 9
187 8
188 7
189 9
190 10
191 8
192 6
193 8
194 10
195 10
196 7
197 7
198 10
199 6
200 6
201 3
202 6
203 6
204 6
205 3
206 9
207 2
208 6
209 8
210 8
211 3
212 7
213 10
214 6
215 6
216 7
217 6
218 8
219 3
220 7
221 6
222 11
223 5
224 9
225 3
226 10
227 11
228 3
229 10
230 4
231 7
232 14
233 9
234 10
235 7
236 10
237 13
238 6
239 13
240 6
241 6
242 8
243 7
244 4
245 7
246 8
247 5
248 13
249 3
250 11
251 3
252 6
253 9
254 9
255 3
256 12
257 6
258 7
259 1
260 6
261 6
262 5
263 6
264 6
265 4
266 11
267 10
268 4
269 9
270 6
271 7
272 5
273 9
274 6
275 6
276 5
277 8
278 6
279 11
280 13
281 13
282 4
283 10
284 16
285 9
286 8
287 15
288 10
289 10
290 3
291 13
292 8
293 12
294 8
295 11
296 10
297 11
298 7
299 5
300 7
301 12
302 8
303 8
304 10
305 3
306 5
307 9
308 8
309 5
310 8
311 7
312 8
313 8
314 4
315 7
316 7
317 10
318 8
319 2
320 7
321 9
322 12
323 5
324 12
325 8
326 7
327 7
328 11
329 7
330 8
331 13
332 7
333 6
334 7
335 11
336 12
337 7
338 4
339 13
340 8
341 4
342 6
343 9
344 7
345 8
346 12
347 5
348 5
349 5
350 5
351 7
352 6
353 8
354 11
355 9
356 9
357 6
358 10
359 12
360 5
361 5
362 12
363 12
364 10
365 9
366 6
367 6
368 8
369 5
370 7
371 7
372 5
373 6
374 8
375 9
376 5
377 11
378 7
379 11
380 8
381 4
382 4
383 10
384 8
385 10
386 8
387 4
388 9
389 4
390 8
391 10
392 7
393 10
394 3
395 9
396 8
397 11
398 9
399 5
400 6
401 6
402 8
403 8
404 5
405 7
406 15
407 7
408 9
409 5
410 4
411 8
412 13
413 9
414 5
415 12
416 7
417 10
418 8
419 7
420 8
421 11
422 8
423 6
424 4
425 11
426 11
427 11
428 7
429 8
430 9
431 10
432 11
433 9
434 4
435 15
436 7
437 6
438 8
439 6
440 6
441 5
442 9
443 8
444 6
445 10
446 4
447 9
448 1
449 6
450 7
451 3
452 7
453 7
454 3
455 6
456 12
457 6
458 6
459 5
460 7
461 6
462 9
463 3
464 11
465 8
466 9
467 9
468 6
469 8
470 5
471 8
472 6
473 11
474 7
475 4
476 5
477 10
478 5
479 7
480 2
481 7
482 4
483 10
484 6
485 3
486 4
487 10
488 9
489 9
490 7
491 3
492 9
493 3
494 3
495 10
496 7
497 3
498 4
499 8
500 7
501 9
502 9
503 10
504 7
505 9
506 7
507 4
508 13
509 7
510 7
511 9
512 7
513 4
514 12
515 4
516 3
517 7
518 7
519 5
520 8
521 4
522 6
523 10
524 8
525 9
526 2
527 12
528 14
529 11
530 5
531 6
532 6
533 11
534 7
535 10
536 7
537 8
538 9
539 8
540 8
541 1
542 8
543 11
544 10
545 7
546 5
547 7
548 6
549 10
550 6
551 11
552 7
553 5
554 4
555 5
556 11
557 5
558 8
559 12
560 6
561 10
562 11
563 8
564 8
565 6
566 3
567 8
568 17
569 4
570 9
571 12
572 5
573 6
574 2
575 10
576 8
577 9
578 7
579 6
580 5
581 6
582 6
583 9
584 7
585 7
586 7
587 6
588 9
589 4
590 7
591 4
592 4
593 5
594 7
595 4
596 13
597 7
598 7
599 6
600 14
601 6
602 8
603 6
604 7
605 4
606 14
607 8
608 7
609 7
610 8
611 6
612 9
613 8
614 9
615 10
616 6
617 8
618 15
619 6
620 4
621 6
622 7
623 7
624 5
625 8
626 10
627 9
628 6
629 8
630 9
631 7
632 13
633 8
634 7
635 8
636 2
637 7
638 10
639 10
640 7
641 9
642 10
643 4
644 10
645 8
646 8
647 4
648 7
649 6
650 11
651 6
652 8
653 10
654 7
655 10
656 11
657 5
658 6
659 9
660 8
661 5
662 8
663 9
664 8
665 9
666 8
667 6
668 6
669 8
670 5
671 6
672 8
673 10
674 12
675 5
676 15
677 7
678 6
679 9
680 8
681 7
682 8
683 4
684 14
685 5
686 6
687 9
688 9
689 5
690 11
691 6
692 5
693 6
694 8
695 9
696 13
697 8
698 5
699 7
700 10
701 12
702 6
703 12
704 7
705 6
706 12
707 9
708 8
709 13
710 6
711 4
712 12
713 11
714 10
715 7
716 5
717 8
718 8
719 8
720 6
721 3
722 10
723 6
724 8
725 6
726 7
727 10
728 10
729 8
730 11
731 8
732 6
733 9
734 9
735 5
736 8
737 7
738 10
739 7
740 11
741 5
742 7
743 11
744 9
745 11
746 4
747 8
748 7
749 11
750 12
751 6
752 4
753 8
754 8
755 13
756 5
757 10
758 9
759 5
760 6
761 9
762 5
763 12
764 5
765 11
766 10
767 6
768 8
769 8
770 13
771 14
772 3
773 3
774 10
775 12
776 7
777 8
778 10
779 3
780 9
781 14
782 11
783 7
784 5
785 10
786 11
787 3
788 4
789 11
790 8
791 11
792 10
793 16
794 8
795 9
796 8
797 3
798 4
799 11
800 5
801 9
802 7
803 5
804 9
805 7
806 7
807 7
808 8
809 5
810 7
811 11
812 8
813 10
814 11
815 12
816 4
817 5
818 12
819 13
820 6
821 8
822 4
823 10
824 8
825 5
826 4
827 8
828 5
829 12
830 3
831 7
832 8
833 6
834 16
835 6
836 8
837 8
838 9
839 6
840 7
841 4
842 8
843 9
844 8
845 10
846 7
847 3
848 6
849 9
850 10
851 5
852 5
853 6
854 10
855 10
856 8
857 7
858 10
859 9
860 4
861 8
862 9
863 5
864 10
865 13
866 10
867 11
868 4
869 8
870 5
871 5
872 2
873 1
874 3
875 8
876 7
877 10
878 7
879 10
880 6
881 5
882 6
883 15
884 8
885 2
886 5
887 6
888 8
889 13
890 16
891 9
892 7
893 7
894 10
895 5
896 10
897 8
898 9
899 7
900 9
901 7
902 9
903 10
904 4
905 7
906 8
907 9
908 11
909 7
910 8
911 10
912 8
913 12
914 4
915 12
916 7
917 4
918 13
919 11
920 7
921 10
922 10
923 11
924 7
925 8
926 6
927 4
928 8
929 12
930 8
931 6
932 8
933 5
934 5
935 5
936 9
937 10
938 9
939 10
940 6
941 8
942 3
943 5
944 6
945 4
946 12
947 16
948 10
949 3
950 16
951 9
952 14
953 5
954 7
955 9
956 11
957 8
958 5
959 5
960 8
961 10
962 7
963 7
964 10
965 14
966 4
967 5
968 7
969 8
970 10
971 13
972 8
973 8
974 6
975 10
976 8
977 11
978 4
979 9
980 7
981 8
982 6
983 12
984 9
985 11
986 9
987 11
988 10
989 4
990 8
991 10
992 6
993 7
994 7
995 8
996 9
997 8
998 11
999 8
1000 9
1001 8
1002 9
1003 10
1004 8
1005 10
1006 5
1007 11
1008 7
1009 8
1010 8
1011 15
1012 5
1013 11
1014 3
1015 9
1016 6
1017 12
1018 7
1019 6
1020 3
1021 3
1022 8
1023 9
1024 10
1025 5
1026 3
1027 7
1028 6
1029 6
1030 9
1031 7
1032 10
1033 10
1034 6
1035 6
1036 6
1037 5
1038 13
1039 10
1040 11
1041 4
1042 10
1043 5
1044 8
1045 4
1046 7
1047 4
1048 8
1049 10
1050 5
1051 13
1052 6
1053 15
1054 9
1055 5
1056 10
1057 11
1058 7
1059 5
1060 7
1061 7
1062 6
1063 7
1064 9
1065 8
1066 8
1067 9
1068 5
1069 7
1070 4
1071 9
1072 5
1073 11
1074 8
1075 7
1076 5
1077 11
1078 12
1079 10
1080 9
1081 9
1082 4
1083 9
1084 7
1085 9
1086 6
1087 10
1088 9
1089 10
1090 7
1091 13
1092 9
1093 6
1094 9
1095 9
1096 4
1097 8
1098 5
1099 8
1100 6
1101 8
1102 8
1103 4
1104 9
1105 6
1106 10
1107 2
1108 7
1109 10
1110 7
1111 4
1112 8
1113 8
1114 9
1115 8
1116 5
1117 9
1118 7
1119 11
1120 11
1121 7
1122 3
1123 11
1124 6
1125 1
1126 5
1127 13
1128 9
1129 8
1130 13
1131 5
1132 11
1133 8
1134 4
1135 5
1136 9
1137 7
1138 10
1139 11
1140 5
1141 14
1142 11
1143 6
1144 7
1145 9
1146 5
1147 15
1148 6
1149 6
1150 5
1151 7
1152 6
1153 7
1154 5
1155 6
1156 3
1157 9
1158 4
1159 13
1160 9
1161 12
1162 12
1163 10
1164 8
1165 7
1166 8
1167 14
1168 4
1169 5
1170 9
1171 7
1172 8
1173 2
1174 8
1175 10
1176 5
1177 5
1178 10
1179 5
1180 10
1181 15
1182 7
1183 5
1184 9
1185 8
1186 13
1187 9
1188 4
1189 4
1190 3
1191 5
1192 5
1193 4
1194 5
1195 8
1196 13
1197 10
1198 4
1199 6
1200 8
1201 8
1202 6
1203 5
1204 10
1205 11
1206 9
1207 8
1208 14
1209 4
1210 11
1211 11
1212 5
1213 8
1214 11
1215 14
1216 12
1217 6
1218 10
1219 7
1220 7
1221 7
1222 14
1223 7
1224 9
1225 10
1226 4
1227 9
1228 12
1229 8
1230 5
1231 5
1232 6
1233 8
1234 8
1235 9
1236 6
1237 7
1238 7
1239 10
1240 7
1241 8
1242 10
1243 2
1244 9
1245 4
1246 8
1247 9
1248 5
1249 8
1250 5
1251 4
1252 2
1253 10
1254 7
1255 2
1256 11
1257 8
1258 7
1259 8
1260 6
1261 8
1262 12
1263 6
1264 9
1265 7
1266 5
1267 11
1268 9
1269 4
1270 5
1271 3
1272 9
1273 5
1274 3
1275 5
1276 9
1277 10
1278 16
1279 4
1280 8
1281 7
1282 6
1283 10
1284 8
1285 7
1286 6
1287 6
1288 8
1289 11
1290 5
1291 9
1292 7
1293 4
1294 11
1295 9
1296 5
1297 9
1298 9
1299 3
1300 7
1301 9
1302 4
1303 11
1304 10
1305 7
1306 3
1307 5
1308 9
1309 11
1310 7
1311 8
1312 6
1313 6
1314 6
1315 6
1316 6
1317 13
1318 7
1319 10
1320 9
1321 6
1322 11
1323 4
1324 7
1325 7
1326 8
1327 8
1328 13
1329 11
1330 8
1331 7
1332 10
1333 5
1334 10
1335 10
1336 8
1337 9
1338 7
1339 5
1340 10
1341 8
1342 8
1343 8
1344 6
1345 6
1346 7
1347 6
1348 10
1349 10
1350 8
1351 12
1352 6
1353 10
1354 3
1355 8
1356 7
1357 8
1358 5
1359 5
1360 5
1361 7
1362 8
1363 13
1364 10
1365 13
1366 4
1367 9
1368 10
1369 14
1370 12
1371 13
1372 8
1373 8
1374 5
1375 6
1376 7
1377 9
1378 4
1379 11
1380 6
1381 13
1382 5
1383 7
1384 7
1385 2
1386 5
1387 6
1388 6
1389 8
1390 7
1391 9
1392 4
1393 12
1394 12
1395 4
1396 8
1397 6
1398 5
1399 6
1400 8
1401 7
1402 11
1403 13
1404 6
1405 5
1406 10
1407 6
1408 9
1409 8
1410 10
1411 12
1412 10
1413 7
1414 4
1415 7
1416 7
1417 11
1418 9
1419 8
1420 4
1421 4
1422 6
1423 7
1424 8
1425 1
1426 5
1427 7
1428 4
1429 5
1430 10
1431 13
1432 5
1433 5
1434 8
1435 6
1436 8
1437 6
1438 4
1439 9
1440 8
1441 7
1442 9
1443 6
1444 9
1445 11
1446 5
1447 6
1448 6
1449 7
1450 4
1451 7
1452 4
1453 4
1454 9
1455 8
1456 5
1457 10
1458 8
1459 7
1460 8
1461 10
1462 6
1463 6
1464 5
1465 6
1466 2
1467 8
1468 5
1469 9
1470 4
1471 7
1472 3
1473 7
1474 9
1475 7
1476 1
1477 7
1478 10
1479 3
1480 8
1481 8
1482 5
1483 6
1484 12
1485 9
1486 9
1487 5
1488 7
1489 6
1490 8
1491 7
1492 6
1493 5
1494 5
1495 6
1496 3
1497 14
1498 5
1499 6
1500 9
1501 12
1502 7
1503 4
1504 9
1505 12
1506 7
1507 7
1508 6
1509 6
1510 8
1511 6
1512 8
1513 7
1514 12
1515 4
1516 9
1517 7
1518 5
1519 11
1520 6
1521 4
1522 7
1523 11
1524 3
1525 9
1526 8
1527 8
1528 5
1529 8
1530 9
1531 3
1532 3
1533 3
1534 8
1535 8
1536 10
1537 7
1538 3
1539 7
1540 3
1541 10
1542 1
1543 9
1544 6
1545 5
1546 9
1547 10
1548 7
1549 9
1550 3
1551 5
1552 5
1553 10
1554 2
1555 4
1556 7
1557 6
1558 8
1559 6
1560 4
1561 6
1562 7
1563 4
1564 4
1565 2
1566 7
1567 3
1568 1
1569 4
1570 11
1571 9
1572 9
1573 8
1574 14
1575 7
1576 10
1577 9
1578 6
1579 10
1580 8
1581 15
1582 7
1583 5
1584 7
1585 7
1586 7
1587 5
1588 7
1589 4
1590 10
1591 6
1592 5
1593 4
1594 9
1595 6
1596 6
1597 6
1598 8
1599 7
1600 7
1601 4
1602 7
1603 6
1604 2
1605 7
1606 7
1607 9
1608 9
1609 3
1610 3
1611 9
1612 7
1613 6
1614 14
1615 3
1616 5
1617 2
1618 8
1619 12
1620 6
1621 7
1622 7
1623 8
1624 6
1625 8
1626 5
1627 6
1628 5
1629 3
1630 6
1631 10
1632 5
1633 4
1634 5
1635 6
1636 6
1637 9
1638 9
1639 6
1640 4
1641 9
1642 6
1643 8
1644 7
1645 9
1646 4
1647 4
1648 3
1649 15
1650 11
1651 8
1652 9
1653 10
1654 10
1655 7
1656 11
1657 3
1658 7
1659 9
1660 7
1661 4
1662 9
1663 8
1664 9
1665 7
1666 5
1667 13
1668 4
1669 10
1670 6
1671 12
1672 13
1673 7
1674 14
1675 8
1676 9
1677 13
1678 10
1679 7
1680 6
1681 7
1682 10
1683 4
1684 11
1685 12
1686 8
1687 10
1688 6
1689 11
1690 8
1691 8
1692 11
1693 6
1694 5
1695 4
1696 11
1697 10
1698 14
1699 6
1700 11
1701 13
1702 6
1703 2
1704 6
1705 7
1706 14
1707 10
1708 9
1709 6
1710 6
1711 5
1712 7
1713 6
1714 9
1715 9
1716 13
1717 5
1718 5
1719 9
1720 4
1721 7
1722 20
1723 10
1724 4
1725 1
1726 7
1727 16
1728 15
1729 13
1730 9
1731 14
1732 1
1733 10
1734 9
1735 14
1736 4
1737 17
1738 7
1739 9
1740 9
1741 9
1742 5
1743 8
1744 7
1745 6
1746 7
1747 9
1748 4
1749 7
1750 4
1751 5
1752 8
1753 7
1754 5
1755 4
1756 7
1757 7
1758 9
1759 8
1760 6
1761 9
1762 5
1763 4
1764 3
1765 3
1766 10
1767 6
1768 8
1769 5
1770 10
1771 9
1772 8
1773 12
1774 8
1775 10
1776 9
1777 12
1778 7
1779 9
1780 13
1781 4
1782 2
1783 7
1784 11
1785 7
1786 6
1787 8
1788 7
1789 5
1790 6
1791 7
1792 7
1793 7
1794 5
1795 9
1796 12
1797 7
1798 6
1799 5
1800 12
1801 6
1802 5
1803 10
1804 13
1805 10
1806 6
1807 14
1808 4
1809 8
1810 10
1811 6
1812 7
1813 8
1814 2
1815 10
1816 7
1817 7
1818 7
1819 5
1820 13
1821 10
1822 5
1823 6
1824 13
1825 8
1826 6
1827 7
1828 13
1829 9
1830 8
1831 11
1832 4
1833 6
1834 7
1835 8
1836 9
1837 10
1838 6
1839 5
1840 6
1841 4
1842 7
1843 3
1844 7
1845 2
1846 8
1847 9
1848 6
1849 12
1850 4
1851 6
1852 10
1853 6
1854 6
1855 5
1856 9
1857 10
1858 6
1859 8
1860 6
1861 8
1862 7
1863 6
1864 8
1865 5
1866 6
1867 3
1868 6
1869 9
1870 5
1871 12
1872 11
1873 6
1874 13
1875 4
1876 4
1877 3
1878 7
1879 6
1880 10
1881 7
1882 12
1883 9
1884 4
1885 6
1886 7
1887 10
1888 8
1889 9
1890 8
1891 7
1892 7
1893 4
1894 4
1895 9
1896 6
1897 8
1898 8
1899 4
1900 10
1901 9
1902 7
1903 6
1904 8
1905 15
1906 5
1907 5
1908 7
1909 7
1910 9
1911 14
1912 5
1913 9
1914 9
1915 6
1916 7
1917 13
1918 9
1919 10
1920 11
1921 9
1922 5
1923 10
1924 6
1925 9
1926 4
1927 3
1928 8
1929 3
1930 6
1931 12
1932 10
1933 8
1934 15
1935 10
1936 7
1937 7
1938 6
1939 7
1940 5
1941 9
1942 9
1943 5
1944 9
1945 7
1946 8
1947 5
1948 5
1949 10
1950 11
1951 6
1952 8
1953 5
1954 8
1955 14
1956 3
1957 4
1958 8
1959 8
1960 6
1961 6
1962 5
1963 8
1964 10
1965 6
1966 7
1967 6
1968 6
1969 7
1970 6
1971 8
1972 6
1973 10
1974 12
1975 7
1976 6
1977 8
1978 6
1979 7
1980 6
1981 5
1982 10
1983 7
1984 6
1985 4
1986 4
1987 8
1988 10
1989 8
1990 10
1991 8
1992 8
1993 4
1994 11
1995 3
1996 2
1997 4
1998 6
1999 9
2000 6
2001 8
2002 12
2003 7
2004 9
2005 9
2006 6
2007 9
2008 6
2009 4
2010 6
2011 11
2012 5
2013 6
2014 7
2015 6
2016 5
2017 7
2018 8
2019 12
2020 17
2021 12
2022 7
2023 7
2024 7
2025 14
2026 6
2027 5
2028 12
2029 8
2030 11
2031 6
2032 9
2033 13
2034 8
2035 12
2036 5
2037 12
2038 10
2039 9
2040 13
2041 11
2042 6
2043 6
2044 10
2045 13
2046 6
2047 7
2048 5
2049 9
2050 8
2051 7
2052 8
2053 9
2054 7
2055 8
2056 9
2057 10
2058 7
2059 10
2060 14
2061 5
2062 5
2063 5
2064 11
2065 6
2066 7
2067 5
2068 7
2069 6
2070 7
2071 12
2072 9
2073 7
2074 5
2075 9
2076 10
2077 6
2078 8
2079 7
2080 7
2081 6
2082 4
2083 5
2084 3
2085 9
2086 8
2087 13
2088 6
2089 7
2090 7
2091 5
2092 13
2093 6
2094 9
2095 5
2096 7
2097 8
2098 5
2099 10
2100 7
2101 6
2102 12
2103 7
2104 6
2105 6
2106 9
2107 9
2108 3
2109 5
2110 12
2111 9
2112 9
2113 8
2114 12
2115 6
2116 8
2117 5
2118 11
2119 5
2120 5
2121 7
2122 7
2123 4
2124 9
2125 8
2126 11
2127 6
2128 10
2129 8
2130 11
2131 10
2132 10
2133 6
2134 10
2135 7
2136 7
2137 7
2138 11
2139 9
2140 7
2141 8
2142 11
2143 5
2144 12
2145 6
2146 10
2147 8
2148 8
2149 11
2150 12
2151 14
2152 8
2153 11
2154 10
2155 7
2156 7
2157 12
2158 11
2159 7
2160 6
2161 6
2162 5
2163 6
2164 8
2165 11
2166 7
2167 9
2168 7
2169 12
2170 11
2171 6
2172 11
2173 1
2174 8
2175 9
2176 8
2177 4
2178 7
2179 11
2180 7
2181 6
2182 17
2183 9
2184 6
2185 4
2186 5
2187 5
2188 5
2189 6
2190 8
2191 4
2192 6
2193 6
2194 7
2195 9
2196 6
2197 7
2198 6
2199 9
2200 5
2201 4
2202 6
2203 9
2204 4
2205 10
2206 6
2207 8
2208 13
2209 8
2210 7
2211 4
2212 9
2213 5
2214 10
2215 10
2216 10
2217 7
2218 7
2219 6
2220 9
2221 5
2222 8
2223 13
2224 10
2225 9
2226 7
2227 8
2228 5
2229 7
2230 5
2231 6
2232 8
2233 10
2234 8
2235 5
2236 3
2237 6
2238 7
2239 8
2240 7
2241 8
2242 5
2243 13
2244 5
2245 10
2246 11
2247 10
2248 3
2249 2
2250 4
2251 7
2252 5
2253 7
2254 6
2255 3
2256 2
2257 7
2258 3
2259 10
2260 14
2261 7
2262 9
2263 8
2264 3
2265 11
2266 5
2267 8
2268 8
2269 12
2270 10
2271 4
2272 6
2273 6
2274 8
2275 9
2276 11
2277 8
2278 4
2279 5
2280 8
2281 8
2282 8
2283 5
2284 9
2285 7
2286 9
2287 6
2288 3
2289 8
2290 6
2291 6
2292 7
2293 3
2294 11
2295 4
2296 5
2297 7
2298 4
2299 7
2300 6
2301 7
2302 10
2303 6
2304 9
2305 7
2306 8
2307 8
2308 6
2309 6
2310 4
2311 10
2312 10
2313 6
2314 10
2315 8
2316 4
2317 8
2318 4
2319 7
2320 12
2321 8
2322 5
2323 9
2324 10
2325 6
2326 10
2327 7
2328 6
2329 8
2330 5
2331 6
2332 6
2333 6
2334 7
2335 11
2336 4
2337 9
2338 7
2339 6
2340 2
2341 7
2342 8
2343 6
2344 5
2345 10
2346 10
2347 4
2348 7
2349 10
2350 10
2351 6
2352 10
2353 12
2354 10
2355 6
2356 5
2357 9
2358 5
2359 6
2360 4
2361 16
2362 4
2363 6
2364 5
2365 10
2366 9
2367 12
2368 6
2369 10
2370 9
2371 8
2372 10
2373 12
2374 7
2375 2
2376 6
2377 6
2378 9
2379 6
2380 10
2381 9
2382 6
2383 12
2384 6
2385 11
2386 13
2387 11
2388 6
2389 10
2390 7
2391 9
2392 9
2393 5
2394 5
2395 11
2396 6
2397 9
2398 3
2399 5
2400 9
2401 7
2402 7
2403 7
2404 4
2405 6
2406 4
2407 6
2408 8
2409 8
2410 5
2411 7
2412 4
2413 10
2414 5
2415 11
2416 4
2417 8
2418 4
2419 6
2420 4
2421 4
2422 7
2423 6
2424 8
2425 9
2426 11
2427 5
2428 7
2429 7
2430 7
2431 10
2432 4
2433 6
2434 3
2435 5
2436 8
2437 6
2438 3
2439 6
2440 10
2441 11
2442 8
2443 6
2444 10
2445 8
2446 7
2447 3
2448 3
2449 9
2450 9
2451 8
2452 10
2453 7
2454 5
2455 9
2456 11
2457 10
2458 9
2459 5
2460 6
2461 10
2462 7
2463 9
2464 14
2465 8
2466 10
2467 7
2468 13
2469 8
2470 7
2471 5
2472 8
2473 6
2474 3
2475 11
2476 12
2477 8
2478 5
2479 8
2480 6
2481 5
2482 8
2483 5
2484 8
2485 10
2486 13
2487 8
2488 10
2489 4
2490 2
2491 6
2492 16
2493 7
2494 6
2495 8
2496 10
2497 6
2498 10
2499 10
2500 9
2501 10
2502 8
2503 8
2504 8
2505 8
2506 8
2507 8
2508 7
2509 8
2510 5
2511 11
2512 7
2513 5
2514 10
2515 7
2516 11
2517 9
2518 5
2519 14
2520 4
2521 11
2522 9
2523 11
2524 12
2525 7
2526 4
2527 10
2528 9
2529 8
2530 8
2531 10
2532 6
2533 6
2534 7
2535 8
2536 9
2537 10
2538 15
2539 7
2540 8
2541 8
2542 4
2543 9
2544 11
2545 6
2546 13
2547 16
2548 7
2549 6
2550 10
2551 10
2552 15
2553 7
2554 8
2555 10
2556 3
2557 8
2558 12
2559 14
2560 3
2561 10
2562 14
2563 14
2564 9
2565 8
2566 9
2567 10
2568 11
2569 6
2570 12
2571 11
2572 7
2573 8
2574 6
2575 8
2576 7
2577 12
2578 6
2579 5
2580 12
2581 14
2582 13
2583 7
2584 5
2585 4
2586 12
2587 8
2588 5
2589 7
2590 6
2591 9
2592 7
2593 5
2594 10
2595 9
2596 10
2597 12
2598 5
2599 11
2600 5
2601 12
2602 9
2603 6
2604 14
2605 6
2606 13
2607 9
2608 13
2609 11
2610 8
2611 10
2612 13
2613 7
2614 8
2615 12
2616 3
2617 4
2618 6
2619 9
2620 4
2621 11
2622 5
2623 5
2624 6
2625 9
2626 6
2627 9
2628 6
2629 7
2630 11
2631 8
2632 4
2633 10
2634 4
2635 11
2636 8
2637 4
2638 6
2639 7
2640 10
2641 10
2642 5
2643 6
2644 3
2645 6
2646 6
2647 9
2648 4
2649 7
2650 9
2651 7
2652 3
2653 6
2654 7
2655 11
2656 8
2657 8
2658 9
2659 10
2660 8
2661 7
2662 9
2663 9
2664 10
2665 7
2666 9
2667 6
2668 7
2669 9
2670 6
2671 5
2672 9
2673 5
2674 5
2675 14
2676 6
2677 10
2678 9
2679 7
2680 8
2681 3
2682 8
2683 7
2684 5
2685 6
2686 5
2687 7
2688 7
2689 7
2690 17
2691 4
2692 9
2693 7
2694 10
2695 9
2696 5
2697 6
2698 7
2699 7
2700 11
2701 7
2702 8
2703 10
2704 14
2705 5
2706 11
2707 10
2708 8
2709 12
2710 10
2711 6
2712 11
2713 4
2714 7
2715 9
2716 8
2717 9
2718 10
2719 8
2720 7
2721 4
2722 9
2723 6
2724 10
2725 7
2726 7
2727 4
2728 8
2729 3
2730 8
2731 10
2732 8
2733 10
2734 5
2735 5
2736 6
2737 7
2738 8
2739 7
2740 5
2741 9
2742 4
2743 2
2744 9
2745 9
2746 5
2747 5
2748 3
2749 6
2750 8
2751 4
2752 7
2753 5
2754 8
2755 10
2756 4
2757 6
2758 12
2759 6
2760 8
2761 4
2762 3
2763 9
2764 11
2765 5
2766 12
2767 7
2768 5
2769 9
2770 6
2771 11
2772 10
2773 10
2774 4
2775 7
2776 4
2777 9
2778 11
2779 7
2780 6
2781 3
2782 4
2783 5
2784 12
2785 6
2786 8
2787 5
2788 7
2789 5
2790 4
2791 5
2792 6
2793 5
2794 4
2795 6
2796 9
2797 10
2798 5
2799 5
2800 7
2801 6
2802 9
2803 8
2804 12
2805 11
2806 11
2807 6
2808 8
2809 8
2810 5
2811 7
2812 10
2813 11
2814 12
2815 10
2816 7
2817 8
2818 8
2819 9
2820 8
2821 10
2822 8
2823 10
2824 12
2825 7
2826 7
2827 13
2828 5
2829 5
2830 6
2831 4
2832 7
2833 8
2834 10
2835 11
2836 4
2837 2
2838 8
2839 6
2840 9
2841 8
2842 6
2843 6
2844 9
2845 1
2846 18
2847 8
2848 3
2849 4
2850 3
2851 5
2852 7
2853 9
2854 12
2855 10
2856 8
2857 8
2858 6
2859 4
2860 4
2861 9
2862 4
2863 12
2864 7
2865 12
2866 8
2867 4
2868 11
2869 10
2870 9
2871 7
2872 9
2873 11
2874 17
2875 6
2876 13
2877 10
2878 5
2879 13
2880 8
2881 9
2882 9
2883 12
2884 10
2885 5
2886 7
2887 8
2888 15
2889 10
2890 10
2891 10
2892 3
2893 8
2894 10
2895 9
2896 7
2897 10
2898 11
2899 9
2900 8
2901 7
2902 12
2903 6
2904 8
2905 8
2906 10
2907 7
2908 10
2909 9
2910 11
2911 16
2912 11
2913 11
2914 9
2915 3
2916 7
2917 6
2918 8
2919 6
2920 8
2921 4
2922 4
2923 11
2924 7
2925 3
2926 7
2927 9
2928 8
2929 9
2930 7
2931 7
2932 11
2933 6
2934 11
2935 10
2936 12
2937 10
2938 7
2939 10
2940 8
2941 10
2942 7
2943 9
2944 9
2945 12
2946 7
2947 11
2948 12
2949 9
2950 8
2951 10
2952 8
2953 7
2954 8
2955 5
2956 5
2957 10
2958 6
2959 4
2960 4
2961 10
2962 9
2963 7
2964 10
2965 7
2966 7
2967 7
2968 5
2969 10
2970 8
2971 8
2972 9
2973 8
2974 6
2975 11
2976 6
2977 11
2978 4
2979 8
2980 8
2981 3
2982 7
2983 9
2984 11
2985 7
2986 16
2987 8
2988 5
2989 11
2990 9
2991 5
2992 7
2993 9
2994 7
2995 10
2996 7
2997 7
2998 11
2999 11
3000 5
3001 12
3002 9
3003 9
3004 8
3005 7
3006 6
3007 6
3008 8
3009 5
3010 6
3011 8
3012 6
3013 9
3014 8
3015 5
3016 8
3017 13
3018 3
3019 6
3020 7
3021 7
3022 10
3023 5
3024 8
3025 8
3026 6
3027 10
3028 6
3029 10
3030 8
3031 7
3032 9
3033 7
3034 9
3035 11
3036 8
3037 5
3038 8
3039 6
3040 6
3041 6
3042 8
3043 6
3044 3
3045 6
3046 9
3047 11
3048 6
3049 6
3050 8
3051 8
3052 11
3053 9
3054 11
3055 10
3056 8
3057 8
3058 5
3059 9
3060 5
3061 6
3062 8
3063 7
3064 8
3065 7
3066 11
3067 6
3068 9
3069 13
3070 9
3071 8
3072 11
3073 12
3074 6
3075 4
3076 7
3077 3
3078 9
3079 13
3080 5
3081 4
3082 12
3083 5
3084 6
3085 9
3086 7
3087 11
3088 12
3089 6
3090 5
3091 11
3092 4
3093 6
3094 3
3095 5
3096 3
3097 8
3098 8
3099 6
3100 7
3101 4
3102 7
3103 4
3104 11
3105 8
3106 5
3107 8
3108 8
3109 10
3110 8
3111 12
3112 9
3113 4
3114 6
3115 11
3116 10
3117 9
3118 8
3119 9
3120 7
3121 8
3122 14
3123 5
3124 15
3125 10
3126 6
3127 5
3128 6
3129 5
3130 10
3131 5
3132 6
3133 8
3134 10
3135 8
3136 4
3137 8
3138 3
3139 5
3140 8
3141 4
3142 9
3143 8
3144 8
3145 7
3146 6
3147 11
3148 7
3149 8
3150 8
3151 10
3152 9
3153 11
3154 5
3155 11
3156 11
3157 7
3158 8
3159 13
3160 6
3161 11
3162 10
3163 6
3164 6
3165 7
3166 9
3167 13
3168 6
3169 6
3170 7
3171 8
3172 8
3173 4
3174 8
3175 6
3176 14
3177 5
3178 4
3179 4
3180 5
3181 12
3182 10
3183 4
3184 6
3185 4
3186 8
3187 5
3188 2
3189 4
3190 10
3191 10
3192 7
3193 5
3194 6
3195 9
3196 7
3197 13
3198 12
3199 3
3200 11
3201 11
3202 9
3203 8
3204 10
3205 4
3206 7
3207 5
3208 8
3209 6
3210 8
3211 10
3212 9
3213 8
3214 14
3215 6
3216 9
3217 8
3218 11
3219 5
3220 10
3221 8
3222 10
3223 4
3224 6
3225 6
3226 11
3227 11
3228 6
3229 9
3230 13
3231 13
3232 5
3233 2
3234 7
3235 7
3236 8
3237 6
3238 3
3239 10
3240 6
3241 6
3242 8
3243 9
3244 9
3245 8
3246 7
3247 5
3248 6
3249 2
3250 5
3251 5
3252 9
3253 5
3254 8
3255 7
3256 15
3257 8
3258 12
3259 9
3260 10
3261 8
3262 12
3263 8
3264 8
3265 8
3266 8
3267 5
3268 11
3269 5
3270 7
3271 3
3272 14
3273 5
3274 4
3275 7
3276 9
3277 6
3278 7
3279 7
3280 5
3281 8
3282 4
3283 9
3284 7
3285 4
3286 7
3287 10
3288 11
3289 5
3290 8
3291 7
3292 5
3293 6
3294 6
3295 8
3296 7
3297 2
3298 6
3299 8
3300 1
3301 10
3302 6
3303 6
3304 3
3305 12
3306 8
3307 6
3308 6
3309 9
3310 3
3311 8
3312 10
3313 3
3314 9
3315 4
3316 7
3317 7
3318 8
3319 5
3320 10
3321 13
3322 9
3323 8
3324 4
3325 8
3326 9
3327 4
3328 10
3329 6
3330 6
3331 3
3332 7
3333 8
3334 5
3335 8
3336 4
3337 10
3338 8
3339 3
3340 6
3341 5
3342 7
3343 2
3344 9
3345 7
3346 6
3347 8
3348 8
3349 8
3350 9
3351 10
3352 8
3353 8
3354 11
3355 12
3356 5
3357 11
3358 6
3359 7
3360 4
3361 3
3362 7
3363 6
3364 10
3365 11
3366 7
3367 8
3368 3
3369 7
3370 6
3371 8
3372 10
3373 8
3374 5
3375 10
3376 4
3377 5
3378 6
3379 8
3380 6
3381 6
3382 8
3383 5
3384 10
3385 11
3386 4
3387 8
3388 9
3389 8
3390 6
3391 10
3392 9
3393 9
3394 9
3395 7
3396 10
3397 11
3398 7
3399 7
3400 3
3401 9
3402 4
3403 4
3404 8
3405 8
3406 11
3407 6
3408 7
3409 7
3410 9
3411 9
3412 6
3413 16
3414 6
3415 7
3416 8
3417 5
3418 8
3419 10
3420 8
3421 9
3422 6
3423 9
3424 11
3425 13
3426 8
3427 9
3428 10
3429 10
3430 14
3431 5
3432 5
3433 7
3434 9
3435 10
3436 12
3437 13
3438 9
3439 7
3440 11
3441 8
3442 3
3443 7
3444 8
3445 8
3446 6
3447 9
3448 12
3449 7
3450 6
3451 9
3452 8
3453 6
3454 7
3455 5
3456 13
3457 9
3458 6
3459 6
3460 12
3461 6
3462 9
3463 6
3464 11
3465 11
3466 11
3467 6
3468 11
3469 7
3470 9
3471 10
3472 10
3473 9
3474 6
3475 4
3476 5
3477 15
3478 6
3479 6
3480 10
3481 5
3482 7
3483 13
3484 8
3485 10
3486 7
3487 8
3488 4
3489 7
3490 6
3491 5
3492 9
3493 10
3494 6
3495 14
3496 9
3497 11
3498 10
3499 6
3500 21
3501 9
3502 7
3503 9
3504 9
3505 11
3506 10
3507 10
3508 4
3509 6
3510 10
3511 13
3512 9
3513 7
3514 9
3515 12
3516 10
3517 8
3518 15
3519 4
3520 7
3521 5
3522 10
3523 10
3524 9
3525 4
3526 10
3527 10
3528 6
3529 11
3530 8
3531 13
3532 7
3533 5
3534 6
3535 13
3536 12
3537 5
3538 7
3539 13
3540 9
3541 7
3542 6
3543 12
3544 11
3545 14
3546 12
3547 7
3548 12
3549 4
3550 9
3551 8
3552 8
3553 15
3554 4
3555 8
3556 8
3557 9
3558 6
3559 7
3560 10
3561 6
3562 12
3563 11
3564 4
3565 7
3566 6
3567 9
3568 8
3569 7
3570 11
